step,time,obst_px,obst_py,obst_pz,obst_vx,obst_vy,obst_vz,obst_radius,qpos_0,qpos_1,qpos_2,qpos_3,qpos_4,qpos_5,qpos_6,qpos_7,qpos_8,qpos_9,qpos_10,qpos_11,qpos_12,qpos_13,qpos_14,qpos_15,qpos_16,qpos_17,qpos_18,qpos_19,qpos_20,qpos_21,qpos_22,qpos_23,qpos_24,qpos_25,qpos_26,qpos_27,qpos_28,qpos_29,qpos_30,qpos_31,qpos_32,qpos_33,qvel_0,qvel_1,qvel_2,qvel_3,qvel_4,qvel_5,qvel_6,qvel_7,qvel_8,qvel_9,qvel_10,qvel_11,qvel_12,qvel_13,qvel_14,qvel_15,qvel_16,qvel_17,qvel_18,qvel_19,qvel_20,qvel_21,qvel_22,qvel_23,qvel_24,qvel_25,qvel_26,qvel_27,qvel_28,qvel_29,qvel_30,qvel_31,qvel_32,cap_site_0_head_sensor_0,cap_site_1_head_sensor_1,cap_site_2_head_sensor_2,cap_site_3_head_sensor_3,cap_site_4_head_sensor_4,cap_site_5_head_sensor_5,cap_site_6_torso_sensor_0,cap_site_7_torso_sensor_1,cap_site_8_torso_sensor_2,cap_site_9_torso_sensor_3,cap_site_10_torso_sensor_4,cap_site_11_torso_sensor_5,cap_site_12_torso_sensor_6,cap_site_13_torso_sensor_7,cap_site_14_torso_sensor_8,cap_site_15_torso_sensor_9,cap_site_16_torso_sensor_10,cap_site_17_left_shoulder_roll_sensor_0,cap_site_18_left_shoulder_roll_sensor_1,cap_site_19_left_shoulder_roll_sensor_2,cap_site_20_left_shoulder_roll_sensor_3,cap_site_21_left_shoulder_roll_sensor_4,cap_site_22_left_shoulder_roll_sensor_5,cap_site_23_left_shoulder_roll_sensor_6,cap_site_24_left_shoulder_roll_sensor_7,cap_site_25_left_shoulder_yaw_sensor_0,cap_site_26_left_shoulder_yaw_sensor_1,cap_site_27_left_shoulder_yaw_sensor_2,cap_site_28_left_shoulder_yaw_sensor_3,cap_site_29_left_shoulder_yaw_sensor_4,cap_site_30_left_shoulder_yaw_sensor_5,cap_site_31_left_elbow_sensor_0,cap_site_32_left_elbow_sensor_1,cap_site_33_left_elbow_sensor_2,cap_site_34_left_elbow_sensor_3,cap_site_35_left_elbow_sensor_4,cap_site_36_left_elbow_sensor_5,cap_site_37_left_elbow_sensor_6,cap_site_38_left_elbow_sensor_7,cap_site_39_left_elbow_sensor_8,cap_site_41_right_shoulder_roll_sensor_0,cap_site_42_right_shoulder_roll_sensor_1,cap_site_43_right_shoulder_roll_sensor_2,cap_site_44_right_shoulder_roll_sensor_3,cap_site_45_right_shoulder_roll_sensor_4,cap_site_46_right_shoulder_roll_sensor_5,cap_site_47_right_shoulder_roll_sensor_6,cap_site_48_right_shoulder_roll_sensor_7,cap_site_49_right_shoulder_yaw_sensor_0,cap_site_50_right_shoulder_yaw_sensor_1,cap_site_51_right_shoulder_yaw_sensor_2,cap_site_52_right_shoulder_yaw_sensor_3,cap_site_53_right_shoulder_yaw_sensor_4,cap_site_54_right_shoulder_yaw_sensor_5,cap_site_55_right_elbow_sensor_0,cap_site_56_right_elbow_sensor_1,cap_site_57_right_elbow_sensor_2,cap_site_58_right_elbow_sensor_3,cap_site_59_right_elbow_sensor_4,cap_site_60_right_elbow_sensor_5,cap_site_61_right_elbow_sensor_6,cap_site_62_right_elbow_sensor_7,cap_site_63_right_elbow_sensor_8,cmd_vx,cmd_vy,cmd_vz
1,0.002,-0.6313457854196487,0.07498119688471094,1.1637969142145739,5.992490261145079,-1.5114432220527223,2.307514024042117,0.05591862360523568,0.1899,0.0,1.028,1.0,0.0,0.0002,0.0007,-0.0008,-0.0018,-0.0001,0.0017,-0.0002,-0.0001,-0.0016,-0.0021,-0.0001,0.0031,-0.0013,-0.0002,-0.0021,0.0003,0.0005,0.0,-0.0006,-0.0001,-0.0001,0.0001,-0.0002,-0.0004,0.0007,-0.0002,-0.0005,-0.0004,0.0001,-0.0437,0.0083,0.0048,0.0449,0.2408,0.6563,-0.3788,-0.8995,-0.0748,0.8613,-0.1045,-0.0633,-0.7881,-1.0505,-0.0586,1.5528,-0.6347,-0.0914,-1.0653,0.1676,0.2746,0.0194,-0.2972,-0.0353,-0.0348,0.0545,-0.1051,-0.2066,0.3684,-0.0903,-0.246,-0.1807,0.0639,-1.0,-1.0,-1.0,-1.0,-1.0,-1.0,-1.0,-1.0,-1.0,-1.0,-1.0,-1.0,-1.0,-1.0,-1.0,-1.0,-1.0,-1.0,-1.0,-1.0,-1.0,-1.0,-1.0,-1.0,-1.0,-1.0,-1.0,-1.0,-1.0,-1.0,-1.0,-1.0,-1.0,-1.0,-1.0,-1.0,-1.0,-1.0,-1.0,-1.0,-1.0,-1.0,-1.0,-1.0,-1.0,-1.0,-1.0,-1.0,-1.0,-1.0,-1.0,-1.0,-1.0,-1.0,-1.0,-1.0,-1.0,-1.0,-1.0,-1.0,-1.0,-1.0,-1.0,5.992490261145079,-1.5114432220527223,2.307514024042117
2,0.004,-0.6193608048973586,0.0719583104406055,1.1683923222626582,5.992490261145079,-1.5114432220527223,2.287894024042117,0.05591862360523568,0.1897,0.0,1.028,1.0,0.0,0.0008,0.0006,-0.0003,-0.0049,-0.0001,0.0045,-0.0008,-0.0001,-0.0029,-0.0082,0.0,0.0122,-0.0049,0.0,-0.0016,-0.0003,0.0007,-0.0001,-0.0015,-0.0001,-0.0003,0.0002,0.0003,-0.0015,0.0017,-0.0008,-0.0009,-0.0004,0.0004,-0.1059,0.0049,0.0125,-0.0223,0.5527,-0.0433,0.2289,-1.5414,0.0128,1.3856,-0.2798,0.0282,-0.6412,-3.056,0.0662,4.5418,-1.8313,0.0995,0.2742,-0.314,0.0989,-0.0761,-0.439,-0.0285,-0.125,0.022,0.2427,-0.5326,0.5019,-0.2996,-0.2036,-0.0389,0.1426,-1.0,-1.0,-1.0,-1.0,-1.0,-1.0,-1.0,-1.0,-1.0,-1.0,-1.0,-1.0,-1.0,-1.0,-1.0,-1.0,-1.0,-1.0,-1.0,-1.0,-1.0,-1.0,-1.0,-1.0,-1.0,-1.0,-1.0,-1.0,-1.0,-1.0,-1.0,-1.0,-1.0,-1.0,-1.0,-1.0,-1.0,-1.0,-1.0,-1.0,-1.0,-1.0,-1.0,-1.0,-1.0,-1.0,-1.0,-1.0,-1.0,-1.0,-1.0,-1.0,-1.0,-1.0,-1.0,-1.0,-1.0,-1.0,-1.0,-1.0,-1.0,-1.0,-1.0,5.992490261145079,-1.5114432220527223,2.307514024042117
3,0.006,-0.6073758243750684,0.06893542399650006,1.1729484903107423,5.992490261145079,-1.5114432220527223,2.268274024042117,0.05591862360523568,0.1894,0.0001,1.0281,1.0,0.0,0.0017,0.0,0.0013,-0.0093,-0.0002,0.0082,-0.0016,0.0003,-0.0037,-0.0175,0.0001,0.0252,-0.01,0.0004,0.0015,-0.0018,0.0005,-0.0004,-0.0025,-0.0002,-0.0006,0.0001,0.0016,-0.0032,0.0022,-0.002,-0.0012,-0.0003,0.0009,-0.1625,0.0158,0.0154,-0.0034,0.8908,-0.6241,0.8059,-2.2185,-0.0521,1.8639,-0.4033,0.1962,-0.4125,-4.6218,0.052,6.5087,-2.5569,0.1829,1.5399,-0.7558,-0.1048,-0.1298,-0.5271,-0.0159,-0.1644,-0.0078,0.6817,-0.8509,0.2544,-0.5921,-0.1508,0.0524,0.2275,-1.0,-1.0,-1.0,-1.0,-1.0,-1.0,-1.0,-1.0,-1.0,-1.0,-1.0,-1.0,-1.0,-1.0,-1.0,-1.0,-1.0,-1.0,-1.0,-1.0,-1.0,-1.0,-1.0,-1.0,-1.0,-1.0,-1.0,-1.0,-1.0,-1.0,-1.0,-1.0,-1.0,-1.0,-1.0,-1.0,-1.0,-1.0,-1.0,-1.0,-1.0,-1.0,-1.0,-1.0,-1.0,-1.0,-1.0,-1.0,-1.0,-1.0,-1.0,-1.0,-1.0,-1.0,-1.0,-1.0,-1.0,-1.0,-1.0,-1.0,-1.0,-1.0,-1.0,5.992490261145079,-1.5114432220527223,2.307514024042117
4,0.008,-0.5953908438527782,0.06591253755239461,1.1774654183588267,5.992490261145079,-1.5114432220527223,2.248654024042117,0.05591862360523568,0.189,0.0001,1.0281,1.0,0.0001,0.0029,-0.0012,0.004,-0.0149,-0.0005,0.0128,-0.0027,0.0009,-0.0048,-0.0295,0.0003,0.0416,-0.0164,0.0009,0.0071,-0.0042,-0.0001,-0.0007,-0.0037,-0.0002,-0.001,0.0001,0.0039,-0.0055,0.0023,-0.0037,-0.0014,-0.0001,0.0015,-0.2102,0.0259,0.0091,0.0417,1.186,-1.2119,1.3638,-2.7854,-0.135,2.2773,-0.5534,0.2772,-0.5383,-6.0384,0.1116,8.2087,-3.169,0.2573,2.8002,-1.1844,-0.3015,-0.1774,-0.5626,-0.0054,-0.1933,-0.0331,1.1078,-1.1511,0.0081,-0.878,-0.1057,0.1299,0.2995,-1.0,-1.0,-1.0,-1.0,-1.0,-1.0,-1.0,-1.0,-1.0,-1.0,-1.0,-1.0,-1.0,-1.0,-1.0,-1.0,-1.0,-1.0,-1.0,-1.0,-1.0,-1.0,-1.0,-1.0,-1.0,-1.0,-1.0,-1.0,-1.0,-1.0,-1.0,-1.0,-1.0,-1.0,-1.0,-1.0,-1.0,-1.0,-1.0,-1.0,-1.0,-1.0,-1.0,-1.0,-1.0,-1.0,-1.0,-1.0,-1.0,-1.0,-1.0,-1.0,-1.0,-1.0,-1.0,-1.0,-1.0,-1.0,-1.0,-1.0,-1.0,-1.0,-1.0,5.992490261145079,-1.5114432220527223,2.307514024042117
5,0.01,-0.583405863330488,0.06288965110828916,1.1819431064069108,5.992490261145079,-1.5114432220527223,2.229034024042117,0.05591862360523568,0.1884,0.0002,1.0281,1.0,0.0001,0.0043,-0.0029,0.0077,-0.0215,-0.001,0.0179,-0.0043,0.0014,-0.0062,-0.0441,0.0007,0.0609,-0.0237,0.0015,0.0149,-0.0073,-0.0011,-0.0011,-0.0048,-0.0002,-0.0015,0.0,0.0068,-0.0084,0.0018,-0.006,-0.0015,0.0003,0.0022,-0.2535,0.0384,-0.001,0.0898,1.4541,-1.6947,1.8255,-3.2961,-0.2598,2.5649,-0.8244,0.2734,-0.6953,-7.2781,0.1626,9.6617,-3.6437,0.3233,3.8979,-1.5792,-0.5146,-0.1995,-0.5544,0.0038,-0.2158,-0.0543,1.4958,-1.443,-0.2261,-1.1337,-0.0669,0.1964,0.3609,-1.0,-1.0,-1.0,-1.0,-1.0,-1.0,-1.0,-1.0,-1.0,-1.0,-1.0,-1.0,-1.0,-1.0,-1.0,-1.0,-1.0,-1.0,-1.0,-1.0,-1.0,-1.0,-1.0,-1.0,-1.0,-1.0,-1.0,-1.0,-1.0,-1.0,-1.0,-1.0,-1.0,-1.0,-1.0,-1.0,-1.0,-1.0,-1.0,-1.0,-1.0,-1.0,-1.0,-1.0,-1.0,-1.0,-1.0,-1.0,-1.0,-1.0,-1.0,-1.0,-1.0,-1.0,-1.0,-1.0,-1.0,-1.0,-1.0,-1.0,-1.0,-1.0,-1.0,5.992490261145079,-1.5114432220527223,2.307514024042117
6,0.012,-0.5714208828081979,0.05986676466418372,1.1863815544549952,5.992490261145079,-1.5114432220527223,2.209414024042117,0.05591862360523568,0.1879,0.0003,1.0281,1.0,0.0003,0.006,-0.005,0.012,-0.029,-0.0018,0.0235,-0.0065,0.002,-0.008,-0.0608,0.0011,0.0827,-0.0316,0.0023,0.0244,-0.0112,-0.0026,-0.0015,-0.0058,-0.0001,-0.0019,-0.0002,0.0105,-0.0118,0.0009,-0.0087,-0.0016,0.0008,0.003,-0.2923,0.0526,-0.0134,0.1442,1.6961,-2.0415,2.1744,-3.7702,-0.4004,2.8172,-1.0802,0.2658,-0.908,-8.3446,0.201,10.8819,-3.9832,0.3788,4.7643,-1.9165,-0.7295,-0.1934,-0.5139,0.0116,-0.2333,-0.0719,1.8271,-1.7163,-0.441,-1.3517,-0.0333,0.2546,0.4134,-1.0,-1.0,-1.0,-1.0,-1.0,-1.0,-1.0,-1.0,-1.0,-1.0,-1.0,-1.0,-1.0,-1.0,-1.0,-1.0,-1.0,-1.0,-1.0,-1.0,-1.0,-1.0,-1.0,-1.0,-1.0,-1.0,-1.0,-1.0,-1.0,-1.0,-1.0,-1.0,-1.0,-1.0,-1.0,-1.0,-1.0,-1.0,-1.0,-1.0,-1.0,-1.0,-1.0,-1.0,-1.0,-1.0,-1.0,-1.0,-1.0,-1.0,-1.0,-1.0,-1.0,-1.0,-1.0,-1.0,-1.0,-1.0,-1.0,-1.0,-1.0,-1.0,-1.0,5.992490261145079,-1.5114432220527223,2.307514024042117
7,0.014,-0.5594359022859078,0.056843878220078276,1.1907807625030793,5.992490261145079,-1.5114432220527223,2.189794024042117,0.05591862360523568,0.1872,0.0004,1.028,0.9999,0.0005,0.0079,-0.007,0.0167,-0.0375,-0.003,0.0296,-0.0091,0.0023,-0.0105,-0.0777,0.0013,0.1022,-0.0384,0.0031,0.0348,-0.0154,-0.0045,-0.0018,-0.0063,-0.0001,-0.0024,-0.0004,0.0146,-0.0157,-0.0003,-0.0113,-0.0016,0.0015,0.0039,-0.3175,0.0723,-0.0275,0.2228,1.929,-2.0811,2.3191,-4.24,-0.5886,3.0137,-1.2802,0.1634,-1.2716,-8.4638,0.1018,9.7577,-3.3752,0.4067,5.1847,-2.1383,-0.9669,-0.1401,-0.2354,0.0036,-0.2346,-0.087,2.0691,-1.9652,-0.6323,-1.2919,-0.0019,0.3223,0.4601,-1.0,-1.0,-1.0,-1.0,-1.0,-1.0,-1.0,-1.0,-1.0,-1.0,-1.0,-1.0,-1.0,-1.0,-1.0,-1.0,-1.0,-1.0,-1.0,-1.0,-1.0,-1.0,-1.0,-1.0,-1.0,-1.0,-1.0,-1.0,-1.0,-1.0,-1.0,-1.0,-1.0,-1.0,-1.0,-1.0,-1.0,-1.0,-1.0,-1.0,-1.0,-1.0,-1.0,-1.0,-1.0,-1.0,-1.0,-1.0,-1.0,-1.0,-1.0,-1.0,-1.0,-1.0,-1.0,-1.0,-1.0,-1.0,-1.0,-1.0,-1.0,-1.0,-1.0,5.992490261145079,-1.5114432220527223,2.307514024042117
8,0.016,-0.5474509217636176,0.053820991775972826,1.1951407305511637,5.992490261145079,-1.5114432220527223,2.170174024042117,0.05591862360523568,0.1865,0.0006,1.0279,0.9999,0.0008,0.0101,-0.0091,0.0212,-0.047,-0.0045,0.0362,-0.0106,0.0026,-0.0138,-0.0948,0.0013,0.1194,-0.044,0.004,0.0457,-0.02,-0.0069,-0.0019,-0.0062,-0.0001,-0.0029,-0.0006,0.0192,-0.0201,-0.0019,-0.0137,-0.0016,0.0022,0.0049,-0.3417,0.0911,-0.0424,0.2936,2.1529,-2.0442,2.2481,-4.7509,-0.7342,3.2978,-0.7547,0.1413,-1.6204,-8.5271,0.0257,8.5981,-2.8013,0.4318,5.4356,-2.2925,-1.2093,-0.0571,0.0165,-0.0017,-0.2313,-0.0992,2.2571,-2.1965,-0.8025,-1.2068,0.0251,0.3775,0.5003,-1.0,-1.0,-1.0,-1.0,-1.0,-1.0,-1.0,-1.0,-1.0,-1.0,-1.0,-1.0,-1.0,-1.0,-1.0,-1.0,-1.0,-1.0,-1.0,-1.0,-1.0,-1.0,-1.0,-1.0,-1.0,-1.0,-1.0,-1.0,-1.0,-1.0,-1.0,-1.0,-1.0,-1.0,-1.0,-1.0,-1.0,-1.0,-1.0,-1.0,-1.0,-1.0,-1.0,-1.0,-1.0,-1.0,-1.0,-1.0,-1.0,-1.0,-1.0,-1.0,-1.0,-1.0,-1.0,-1.0,-1.0,-1.0,-1.0,-1.0,-1.0,-1.0,-1.0,5.992490261145079,-1.5114432220527223,2.307514024042117
9,0.018,-0.5354659412413274,0.05079810533186739,1.1994614585992476,5.992490261145079,-1.5114432220527223,2.150554024042117,0.05591862360523568,0.1858,0.0008,1.0278,0.9999,0.0011,0.0125,-0.011,0.0257,-0.0576,-0.0063,0.0427,-0.0117,0.0029,-0.0177,-0.1118,0.0013,0.1342,-0.0485,0.0049,0.0567,-0.0248,-0.0098,-0.0018,-0.0058,-0.0001,-0.0033,-0.0008,0.024,-0.025,-0.0039,-0.016,-0.0015,0.0031,0.006,-0.3647,0.1109,-0.0629,0.3482,2.3682,-1.8869,2.2823,-5.2743,-0.9357,3.2852,-0.5878,0.1658,-1.9799,-8.5282,-0.0232,7.4106,-2.2622,0.4545,5.5008,-2.3946,-1.471,0.0539,0.2344,-0.0025,-0.2253,-0.1089,2.416,-2.424,-0.9563,-1.1725,0.0481,0.4199,0.5348,-1.0,-1.0,-1.0,-1.0,-1.0,-1.0,-1.0,-1.0,-1.0,-1.0,-1.0,-1.0,-1.0,-1.0,-1.0,-1.0,-1.0,-1.0,-1.0,-1.0,-1.0,-1.0,-1.0,-1.0,-1.0,-1.0,-1.0,-1.0,-1.0,-1.0,-1.0,-1.0,-1.0,-1.0,-1.0,-1.0,-1.0,-1.0,-1.0,-1.0,-1.0,-1.0,-1.0,-1.0,-1.0,-1.0,-1.0,-1.0,-1.0,-1.0,-1.0,-1.0,-1.0,-1.0,-1.0,-1.0,-1.0,-1.0,-1.0,-1.0,-1.0,-1.0,-1.0,5.992490261145079,-1.5114432220527223,2.307514024042117
10,0.02,-0.5234809607190373,0.04777521888776194,1.203742946647332,5.992490261145079,-1.5114432220527223,2.130934024042117,0.05591862360523568,0.185,0.0011,1.0276,0.9998,0.0016,0.015,-0.0127,0.0303,-0.0691,-0.0086,0.0492,-0.0126,0.0033,-0.0224,-0.1294,0.0012,0.1485,-0.0521,0.0058,0.0676,-0.0297,-0.0133,-0.0014,-0.0049,-0.0001,-0.0038,-0.001,0.0291,-0.0303,-0.006,-0.0186,-0.0013,0.004,0.0071,-0.3904,0.1311,-0.0852,0.4044,2.5809,-1.7073,2.2856,-5.7931,-1.1448,3.2547,-0.4274,0.1886,-2.3692,-8.8051,-0.0607,7.1048,-1.8108,0.4754,5.481,-2.453,-1.7401,0.1854,0.433,0.0027,-0.2183,-0.1163,2.55,-2.6394,-1.0962,-1.2633,0.0674,0.4495,0.5645,-1.0,-1.0,-1.0,-1.0,-1.0,-1.0,-1.0,-1.0,-1.0,-1.0,-1.0,-1.0,-1.0,-1.0,-1.0,-1.0,-1.0,-1.0,-1.0,-1.0,-1.0,-1.0,-1.0,-1.0,-1.0,-1.0,-1.0,-1.0,-1.0,-1.0,-1.0,-1.0,-1.0,-1.0,-1.0,-1.0,-1.0,-1.0,-1.0,-1.0,-1.0,-1.0,-1.0,-1.0,-1.0,-1.0,-1.0,-1.0,-1.0,-1.0,-1.0,-1.0,-1.0,-1.0,-1.0,-1.0,-1.0,-1.0,-1.0,-1.0,-1.0,-1.0,-1.0,5.992490261145079,-1.5114432220527223,2.307514024042117
11,0.022,-0.5114959801967471,0.04475233244365649,1.207985194695416,5.992490261145079,-1.5114432220527223,2.111314024042117,0.05591862360523568,0.1842,0.0014,1.0274,0.9997,0.002,0.0178,-0.0143,0.035,-0.0819,-0.0113,0.056,-0.0132,0.0037,-0.0278,-0.1479,0.001,0.1626,-0.0549,0.0068,0.079,-0.0349,-0.0172,-0.0009,-0.0036,-0.0001,-0.0042,-0.0012,0.0345,-0.036,-0.0085,-0.0211,-0.0012,0.0049,0.0083,-0.4214,0.1498,-0.1085,0.4603,2.8092,-1.6569,2.334,-6.3565,-1.3511,3.3827,-0.2886,0.2099,-2.6811,-9.2491,-0.0746,7.082,-1.4066,0.4941,5.666,-2.591,-1.9468,0.2798,0.6493,0.0027,-0.217,-0.1225,2.7006,-2.8652,-1.2516,-1.2942,0.0831,0.475,0.5877,-1.0,-1.0,-1.0,-1.0,-1.0,-1.0,-1.0,-1.0,-1.0,-1.0,-1.0,-1.0,-1.0,-1.0,-1.0,-1.0,-1.0,-1.0,-1.0,-1.0,-1.0,-1.0,-1.0,-1.0,-1.0,-1.0,-1.0,-1.0,-1.0,-1.0,-1.0,-1.0,-1.0,-1.0,-1.0,-1.0,-1.0,-1.0,-1.0,-1.0,-1.0,-1.0,-1.0,-1.0,-1.0,-1.0,-1.0,-1.0,-1.0,-1.0,-1.0,-1.0,-1.0,-1.0,-1.0,-1.0,-1.0,-1.0,-1.0,-1.0,-1.0,-1.0,-1.0,5.992490261145079,-1.5114432220527223,2.307514024042117
12,0.024,-0.499510999674457,0.04172944599955106,1.2121882027435005,5.992490261145079,-1.5114432220527223,2.091694024042117,0.05591862360523568,0.1833,0.0017,1.0271,0.9997,0.0026,0.0209,-0.0159,0.0396,-0.0955,-0.0144,0.0629,-0.0135,0.0042,-0.0338,-0.1674,0.0009,0.1771,-0.057,0.0078,0.0906,-0.0403,-0.0215,-0.0001,-0.0019,-0.0001,-0.0046,-0.0015,0.0402,-0.0421,-0.0113,-0.0239,-0.001,0.0059,0.0095,-0.4496,0.1687,-0.1332,0.5173,3.0129,-1.5989,2.333,-6.8273,-1.559,3.4209,-0.1579,0.2296,-2.9762,-9.7144,-0.0754,7.2565,-1.0372,0.5108,5.8003,-2.6994,-2.1434,0.3881,0.853,0.0044,-0.2137,-0.1271,2.8326,-3.0823,-1.3971,-1.3554,0.0965,0.4941,0.607,-1.0,-1.0,-1.0,-1.0,-1.0,-1.0,-1.0,-1.0,-1.0,-1.0,-1.0,-1.0,-1.0,-1.0,-1.0,-1.0,-1.0,-1.0,-1.0,-1.0,-1.0,-1.0,-1.0,-1.0,-1.0,-1.0,-1.0,-1.0,-1.0,-1.0,-1.0,-1.0,-1.0,-1.0,-1.0,-1.0,-1.0,-1.0,-1.0,-1.0,-1.0,-1.0,-1.0,-1.0,-1.0,-1.0,-1.0,-1.0,-1.0,-1.0,-1.0,-1.0,-1.0,-1.0,-1.0,-1.0,-1.0,-1.0,-1.0,-1.0,-1.0,-1.0,-1.0,5.992490261145079,-1.5114432220527223,2.307514024042117
13,0.026,-0.4875260191521668,0.03870655955544561,1.2163519707915849,5.992490261145079,-1.5114432220527223,2.072074024042117,0.05591862360523568,0.1823,0.0021,1.0268,0.9996,0.0032,0.024,-0.0175,0.0442,-0.1099,-0.018,0.0696,-0.0136,0.0046,-0.0403,-0.1877,0.0007,0.1923,-0.0584,0.0089,0.1023,-0.0459,-0.0262,0.0009,0.0002,-0.0001,-0.005,-0.0018,0.046,-0.0487,-0.0144,-0.0267,-0.0008,0.0069,0.0108,-0.4751,0.1875,-0.1592,0.5761,3.1935,-1.5283,2.2905,-7.2149,-1.7683,3.3752,-0.0346,0.2478,-3.2524,-10.1952,-0.0658,7.6088,-0.6973,0.5255,5.8784,-2.779,-2.3287,0.51,1.0456,0.0074,-0.2086,-0.1304,2.9473,-3.2909,-1.5329,-1.443,0.1078,0.5076,0.6232,-1.0,-1.0,-1.0,-1.0,-1.0,-1.0,-1.0,-1.0,-1.0,-1.0,-1.0,-1.0,-1.0,-1.0,-1.0,-1.0,-1.0,-1.0,-1.0,-1.0,-1.0,-1.0,-1.0,-1.0,-1.0,-1.0,-1.0,-1.0,-1.0,-1.0,-1.0,-1.0,-1.0,-1.0,-1.0,-1.0,-1.0,-1.0,-1.0,-1.0,-1.0,-1.0,-1.0,-1.0,-1.0,-1.0,-1.0,-1.0,-1.0,-1.0,-1.0,-1.0,-1.0,-1.0,-1.0,-1.0,-1.0,-1.0,-1.0,-1.0,-1.0,-1.0,-1.0,5.992490261145079,-1.5114432220527223,2.307514024042117
14,0.028,-0.4755410386298766,0.03568367311134016,1.2204764988396688,5.992490261145079,-1.5114432220527223,2.052454024042117,0.05591862360523568,0.1813,0.0025,1.0264,0.9994,0.0038,0.0274,-0.0189,0.0487,-0.125,-0.0219,0.0761,-0.0134,0.0052,-0.0473,-0.2091,0.0006,0.2086,-0.0592,0.01,0.1141,-0.0515,-0.0312,0.0022,0.0027,-0.0001,-0.0054,-0.002,0.0521,-0.0557,-0.0177,-0.0299,-0.0005,0.008,0.012,-0.498,0.2065,-0.1864,0.6368,3.3534,-1.4377,2.2132,-7.5294,-1.9789,3.2487,0.0825,0.2644,-3.5086,-10.686,-0.0491,8.1194,-0.3809,0.5382,5.8926,-2.8304,-2.5012,0.6454,1.2292,0.0114,-0.2019,-0.1325,3.0466,-3.4914,-1.659,-1.5527,0.1173,0.5163,0.6365,-1.0,-1.0,-1.0,-1.0,-1.0,-1.0,-1.0,-1.0,-1.0,-1.0,-1.0,-1.0,-1.0,-1.0,-1.0,-1.0,-1.0,-1.0,-1.0,-1.0,-1.0,-1.0,-1.0,-1.0,-1.0,-1.0,-1.0,-1.0,-1.0,-1.0,-1.0,-1.0,-1.0,-1.0,-1.0,-1.0,-1.0,-1.0,-1.0,-1.0,-1.0,-1.0,-1.0,-1.0,-1.0,-1.0,-1.0,-1.0,-1.0,-1.0,-1.0,-1.0,-1.0,-1.0,-1.0,-1.0,-1.0,-1.0,-1.0,-1.0,-1.0,-1.0,-1.0,5.992490261145079,-1.5114432220527223,2.307514024042117
15,0.03,-0.4635560581075865,0.032660786667234716,1.2245617868877532,5.992490261145079,-1.5114432220527223,2.032834024042117,0.05591862360523568,0.1803,0.003,1.026,0.9993,0.0045,0.0309,-0.0204,0.0529,-0.1407,-0.0261,0.0833,-0.0119,0.0063,-0.0545,-0.2312,0.0006,0.2249,-0.0593,0.0111,0.1263,-0.0573,-0.0365,0.0036,0.0055,-0.0001,-0.0058,-0.0023,0.0584,-0.0631,-0.0213,-0.0329,-0.0003,0.009,0.0133,-0.5187,0.2217,-0.2038,0.7051,3.5142,-1.4594,2.1106,-7.8335,-2.0725,3.6139,0.7673,0.5757,-3.615,-11.027,-0.0242,8.1423,-0.0739,0.5425,6.0886,-2.8925,-2.6453,0.6953,1.396,0.0155,-0.1966,-0.1344,3.1397,-3.6903,-1.8019,-1.5412,0.1321,0.527,0.6458,-1.0,-1.0,-1.0,-1.0,-1.0,-1.0,-1.0,-1.0,-1.0,-1.0,-1.0,-1.0,-1.0,-1.0,-1.0,-1.0,-1.0,-1.0,-1.0,-1.0,-1.0,-1.0,-1.0,-1.0,-1.0,-1.0,-1.0,-1.0,-1.0,-1.0,-1.0,-1.0,-1.0,-1.0,-1.0,-1.0,-1.0,-1.0,-1.0,-1.0,-1.0,-1.0,-1.0,-1.0,-1.0,-1.0,-1.0,-1.0,-1.0,-1.0,-1.0,-1.0,-1.0,-1.0,-1.0,-1.0,-1.0,-1.0,-1.0,-1.0,-1.0,-1.0,-1.0,5.992490261145079,-1.5114432220527223,2.307514024042117
16,0.032,-0.45157107758529635,0.029637900223129274,1.2286078349358374,5.992490261145079,-1.5114432220527223,2.0132140240421172,0.05591862360523568,0.1792,0.0034,1.0256,0.9991,0.0053,0.0346,-0.0218,0.057,-0.1568,-0.0306,0.09,-0.0102,0.0075,-0.0619,-0.2539,0.0006,0.2413,-0.0589,0.0121,0.1388,-0.0632,-0.0421,0.0051,0.0085,0.0,-0.0062,-0.0026,0.0649,-0.0709,-0.0252,-0.036,0.0,0.0101,0.0146,-0.54,0.2385,-0.231,0.7536,3.6688,-1.4574,2.0703,-8.0772,-2.2456,3.351,0.8499,0.5729,-3.7022,-11.3689,0.0277,8.2124,0.2095,0.5449,6.2503,-2.9538,-2.7959,0.7506,1.527,0.0196,-0.1917,-0.1355,3.2266,-3.9024,-1.9401,-1.5413,0.1444,0.5346,0.6532,-1.0,-1.0,-1.0,-1.0,-1.0,-1.0,-1.0,-1.0,-1.0,-1.0,-1.0,-1.0,-1.0,-1.0,-1.0,-1.0,-1.0,-1.0,-1.0,-1.0,-1.0,-1.0,-1.0,-1.0,-1.0,-1.0,-1.0,-1.0,-1.0,-1.0,-1.0,-1.0,-1.0,-1.0,-1.0,-1.0,-1.0,-1.0,-1.0,-1.0,-1.0,-1.0,-1.0,-1.0,-1.0,-1.0,-1.0,-1.0,-1.0,-1.0,-1.0,-1.0,-1.0,-1.0,-1.0,-1.0,-1.0,-1.0,-1.0,-1.0,-1.0,-1.0,-1.0,5.992490261145079,-1.5114432220527223,2.307514024042117
17,0.034,-0.43958609706300616,0.02661501377902383,1.2326146429839218,5.992490261145079,-1.5114432220527223,1.993594024042117,0.05591862360523568,0.1781,0.004,1.0251,0.999,0.0062,0.0384,-0.0233,0.061,-0.1734,-0.0354,0.0961,-0.0083,0.0086,-0.0694,-0.2773,0.0008,0.2579,-0.058,0.0132,0.1516,-0.0692,-0.0479,0.0067,0.0118,0.0,-0.0066,-0.0028,0.0715,-0.0791,-0.0294,-0.0391,0.0003,0.0112,0.016,-0.5601,0.2554,-0.2589,0.8023,3.8138,-1.4546,2.0103,-8.2797,-2.4137,3.0361,0.9275,0.5692,-3.7595,-11.7067,0.084,8.3242,0.4741,0.5456,6.3948,-3.0015,-2.9373,0.8052,1.644,0.0242,-0.1866,-0.136,3.3071,-4.1117,-2.0743,-1.5452,0.1549,0.5398,0.659,-1.0,-1.0,-1.0,-1.0,-1.0,-1.0,-1.0,-1.0,-1.0,-1.0,-1.0,-1.0,-1.0,-1.0,-1.0,-1.0,-1.0,-1.0,-1.0,-1.0,-1.0,-1.0,-1.0,-1.0,-1.0,-1.0,-1.0,-1.0,-1.0,-1.0,-1.0,-1.0,-1.0,-1.0,-1.0,-1.0,-1.0,-1.0,-1.0,-1.0,-1.0,-1.0,-1.0,-1.0,-1.0,-1.0,-1.0,-1.0,-1.0,-1.0,-1.0,-1.0,-1.0,-1.0,-1.0,-1.0,-1.0,-1.0,-1.0,-1.0,-1.0,-1.0,-1.0,5.992490261145079,-1.5114432220527223,2.307514024042117
18,0.036,-0.427601116540716,0.023592127334918382,1.2365822110320057,5.992490261145079,-1.5114432220527223,1.9739740240421169,0.05591862360523568,0.177,0.0045,1.0245,0.9988,0.0071,0.0423,-0.0248,0.0649,-0.1903,-0.0406,0.1015,-0.0063,0.0097,-0.077,-0.3014,0.0011,0.2749,-0.0565,0.0143,0.1646,-0.0753,-0.0541,0.0084,0.0153,0.0001,-0.0069,-0.0031,0.0783,-0.0878,-0.0338,-0.0422,0.0007,0.0122,0.0173,-0.5792,0.2721,-0.2873,0.8513,3.9504,-1.4491,1.9331,-8.4472,-2.5759,2.6768,1.0001,0.5647,-3.7881,-12.0399,0.1422,8.4719,0.7217,0.5446,6.521,-3.0366,-3.07,0.8592,1.7487,0.029,-0.1814,-0.136,3.3826,-4.3185,-2.2049,-1.5524,0.1636,0.543,0.6635,-1.0,-1.0,-1.0,-1.0,-1.0,-1.0,-1.0,-1.0,-1.0,-1.0,-1.0,-1.0,-1.0,-1.0,-1.0,-1.0,-1.0,-1.0,-1.0,-1.0,-1.0,-1.0,-1.0,-1.0,-1.0,-1.0,-1.0,-1.0,-1.0,-1.0,-1.0,-1.0,-1.0,-1.0,-1.0,-1.0,-1.0,-1.0,-1.0,-1.0,-1.0,-1.0,-1.0,-1.0,-1.0,-1.0,-1.0,-1.0,-1.0,-1.0,-1.0,-1.0,-1.0,-1.0,-1.0,-1.0,-1.0,-1.0,-1.0,-1.0,-1.0,-1.0,-1.0,5.992490261145079,-1.5114432220527223,2.307514024042117
19,0.038,-0.41561613601842584,0.020569240890812933,1.2405105390800901,5.992490261145079,-1.5114432220527223,1.9543540240421169,0.05591862360523568,0.1758,0.0051,1.0239,0.9986,0.008,0.0463,-0.0262,0.0685,-0.2074,-0.0459,0.1062,-0.0042,0.0109,-0.0845,-0.3259,0.0015,0.2919,-0.0546,0.0154,0.1779,-0.0814,-0.0604,0.0102,0.019,0.0002,-0.0073,-0.0034,0.0852,-0.0968,-0.0384,-0.0453,0.001,0.0133,0.0186,-0.5941,0.2863,-0.3156,0.8906,4.0561,-1.4422,1.8073,-8.562,-2.6956,2.3522,1.0588,0.5581,-3.7668,-12.2709,0.2093,8.5159,0.9641,0.5372,6.6414,-3.0629,-3.1628,0.8994,1.828,0.0325,-0.1782,-0.136,3.4581,-4.5223,-2.3316,-1.549,0.1716,0.5457,0.6689,-1.0,-1.0,-1.0,-1.0,-1.0,-1.0,-1.0,-1.0,-1.0,-1.0,-1.0,-1.0,-1.0,-1.0,-1.0,-1.0,-1.0,-1.0,-1.0,-1.0,-1.0,-1.0,-1.0,-1.0,-1.0,-1.0,-1.0,-1.0,-1.0,-1.0,-1.0,-1.0,-1.0,-1.0,-1.0,-1.0,-1.0,-1.0,-1.0,-1.0,-1.0,-1.0,-1.0,-1.0,-1.0,-1.0,-1.0,-1.0,-1.0,-1.0,-1.0,-1.0,-1.0,-1.0,-1.0,-1.0,-1.0,-1.0,-1.0,-1.0,-1.0,-1.0,-1.0,5.992490261145079,-1.5114432220527223,2.307514024042117
20,0.04,-0.4036311554961357,0.017546354446707497,1.2443996271281743,5.992490261145079,-1.5114432220527223,1.934734024042117,0.05591862360523568,0.1745,0.0057,1.0232,0.9983,0.009,0.0505,-0.0276,0.0718,-0.2247,-0.0515,0.1101,-0.002,0.012,-0.092,-0.3509,0.0021,0.309,-0.0522,0.0165,0.1914,-0.0876,-0.0669,0.0121,0.0227,0.0002,-0.0077,-0.0037,0.0922,-0.1062,-0.0433,-0.0484,0.0014,0.0144,0.02,-0.6078,0.2998,-0.344,0.9278,4.1525,-1.4317,1.6601,-8.6439,-2.798,1.9833,1.1136,0.5505,-3.7171,-12.4807,0.2746,8.5599,1.1915,0.5291,6.7458,-3.0794,-3.242,0.9388,1.8975,0.0357,-0.175,-0.1357,3.5316,-4.7237,-2.4548,-1.5435,0.1783,0.5473,0.6736,-1.0,-1.0,-1.0,-1.0,-1.0,-1.0,-1.0,-1.0,-1.0,-1.0,-1.0,-1.0,-1.0,-1.0,-1.0,-1.0,-1.0,-1.0,-1.0,-1.0,-1.0,-1.0,-1.0,-1.0,-1.0,-1.0,-1.0,-1.0,-1.0,-1.0,-1.0,-1.0,-1.0,-1.0,-1.0,-1.0,-1.0,-1.0,-1.0,-1.0,-1.0,-1.0,-1.0,-1.0,-1.0,-1.0,-1.0,-1.0,-1.0,-1.0,-1.0,-1.0,-1.0,-1.0,-1.0,-1.0,-1.0,-1.0,-1.0,-1.0,-1.0,-1.0,-1.0,5.992490261145079,-1.5114432220527223,2.307514024042117
21,0.042,-0.3916461749738456,0.014523468002602048,1.2482494751762585,5.992490261145079,-1.5114432220527223,1.915114024042117,0.05591862360523568,0.1733,0.0063,1.0224,0.998,0.01,0.0547,-0.0291,0.0748,-0.2421,-0.0573,0.1133,0.0004,0.013,-0.0993,-0.3762,0.0027,0.3262,-0.0494,0.0175,0.2051,-0.0937,-0.0735,0.0141,0.0267,0.0003,-0.008,-0.0039,0.0994,-0.1161,-0.0485,-0.0515,0.0017,0.0155,0.0213,-0.6202,0.3126,-0.3724,0.9628,4.2402,-1.4162,1.4939,-8.6973,-2.882,1.5739,1.1648,0.542,-3.6411,-12.6691,0.3355,8.6042,1.4046,0.5207,6.8338,-3.0871,-3.308,0.9777,1.9585,0.0388,-0.172,-0.1351,3.6048,-4.9229,-2.5745,-1.5369,0.1841,0.5479,0.6776,-1.0,-1.0,-1.0,-1.0,-1.0,-1.0,-1.0,-1.0,-1.0,-1.0,-1.0,-1.0,-1.0,-1.0,-1.0,-1.0,-1.0,-1.0,-1.0,-1.0,-1.0,-1.0,-1.0,-1.0,-1.0,-1.0,-1.0,-1.0,-1.0,-1.0,-1.0,-1.0,-1.0,-1.0,-1.0,-1.0,-1.0,-1.0,-1.0,-1.0,-1.0,-1.0,-1.0,-1.0,-1.0,-1.0,-1.0,-1.0,-1.0,-1.0,-1.0,-1.0,-1.0,-1.0,-1.0,-1.0,-1.0,-1.0,-1.0,-1.0,-1.0,-1.0,-1.0,5.992490261145079,-1.5114432220527223,2.307514024042117
22,0.044,-0.3796611944515554,0.011500581558496606,1.2520600832243427,5.992490261145079,-1.5114432220527223,1.895494024042117,0.05591862360523568,0.172,0.0069,1.0216,0.9977,0.011,0.059,-0.0305,0.0774,-0.2595,-0.0632,0.1155,0.0028,0.0141,-0.1063,-0.4019,0.0035,0.3435,-0.0462,0.0185,0.2189,-0.0999,-0.0802,0.0161,0.0307,0.0004,-0.0083,-0.0042,0.1068,-0.1263,-0.0539,-0.0545,0.0021,0.0166,0.0227,-0.6315,0.3246,-0.4007,0.9952,4.3195,-1.3944,1.3107,-8.726,-2.9467,1.1285,1.2126,0.5326,-3.5412,-12.8362,0.3898,8.6492,1.6043,0.5123,6.9049,-3.0868,-3.3611,1.0163,2.0121,0.0417,-0.169,-0.1343,3.6789,-5.1198,-2.691,-1.5299,0.189,0.5476,0.681,-1.0,-1.0,-1.0,-1.0,-1.0,-1.0,-1.0,-1.0,-1.0,-1.0,-1.0,-1.0,-1.0,-1.0,-1.0,-1.0,-1.0,-1.0,-1.0,-1.0,-1.0,-1.0,-1.0,-1.0,-1.0,-1.0,-1.0,-1.0,-1.0,-1.0,-1.0,-1.0,-1.0,-1.0,-1.0,-1.0,-1.0,-1.0,-1.0,-1.0,-1.0,-1.0,-1.0,-1.0,-1.0,-1.0,-1.0,-1.0,-1.0,-1.0,-1.0,-1.0,-1.0,-1.0,-1.0,-1.0,-1.0,-1.0,-1.0,-1.0,-1.0,-1.0,-1.0,5.992490261145079,-1.5114432220527223,2.307514024042117
23,0.046,-0.36767621392926525,0.00847769511439117,1.2558314512724271,5.992490261145079,-1.5114432220527223,1.875874024042117,0.05591862360523568,0.1708,0.0076,1.0208,0.9974,0.0121,0.0633,-0.0319,0.0797,-0.2769,-0.0692,0.1168,0.0053,0.0152,-0.1132,-0.4278,0.0044,0.3608,-0.0426,0.0195,0.2329,-0.1061,-0.0869,0.0181,0.0348,0.0005,-0.0087,-0.0045,0.1143,-0.137,-0.0595,-0.0574,0.0025,0.0177,0.0241,-0.6395,0.3349,-0.4284,1.0266,4.3813,-1.4072,1.1263,-8.7001,-2.984,0.6594,1.2561,0.5249,-3.4265,-12.9535,0.4491,8.6037,1.781,0.5023,7.0166,-3.0739,-3.341,1.011,2.061,0.0482,-0.1673,-0.1338,3.7648,-5.3137,-2.8066,-1.4598,0.2029,0.543,0.6833,-1.0,-1.0,-1.0,-1.0,-1.0,-1.0,-1.0,-1.0,-1.0,-1.0,-1.0,-1.0,-1.0,-1.0,-1.0,-1.0,-1.0,-1.0,-1.0,-1.0,-1.0,-1.0,-1.0,-1.0,-1.0,-1.0,-1.0,-1.0,-1.0,-1.0,-1.0,-1.0,-1.0,-1.0,-1.0,-1.0,-1.0,-1.0,-1.0,-1.0,-1.0,-1.0,-1.0,-1.0,-1.0,-1.0,-1.0,-1.0,-1.0,-1.0,-1.0,-1.0,-1.0,-1.0,-1.0,-1.0,-1.0,-1.0,-1.0,-1.0,-1.0,-1.0,-1.0,5.992490261145079,-1.5114432220527223,2.307514024042117
24,0.048,-0.35569123340697506,0.005454808670285721,1.259563579320511,5.992490261145079,-1.5114432220527223,1.856254024042117,0.05591862360523568,0.1695,0.0083,1.0198,0.9971,0.0132,0.0677,-0.0333,0.0816,-0.2942,-0.0752,0.1172,0.0079,0.0162,-0.1198,-0.4539,0.0054,0.3779,-0.0387,0.0205,0.2471,-0.1122,-0.0934,0.0201,0.039,0.0006,-0.009,-0.0047,0.122,-0.148,-0.0653,-0.0602,0.0029,0.0188,0.0254,-0.6464,0.3443,-0.4558,1.0582,4.4346,-1.4165,0.9328,-8.6596,-3.0053,0.1912,1.2934,0.5166,-3.2977,-13.0504,0.4989,8.5496,1.9433,0.4918,7.112,-3.0538,-3.2754,0.9762,2.1056,0.0534,-0.1654,-0.1333,3.8483,-5.5033,-2.9187,-1.3921,0.215,0.5387,0.6853,-1.0,-1.0,-1.0,-1.0,-1.0,-1.0,-1.0,-1.0,-1.0,-1.0,-1.0,-1.0,-1.0,-1.0,-1.0,-1.0,-1.0,-1.0,-1.0,-1.0,-1.0,-1.0,-1.0,-1.0,-1.0,-1.0,-1.0,-1.0,-1.0,-1.0,-1.0,-1.0,-1.0,-1.0,-1.0,-1.0,-1.0,-1.0,-1.0,-1.0,-1.0,-1.0,-1.0,-1.0,-1.0,-1.0,-1.0,-1.0,-1.0,-1.0,-1.0,-1.0,-1.0,-1.0,-1.0,-1.0,-1.0,-1.0,-1.0,-1.0,-1.0,-1.0,-1.0,5.992490261145079,-1.5114432220527223,2.307514024042117
25,0.05,-0.3437062528846849,0.002431922226180272,1.2632564673685955,5.992490261145079,-1.5114432220527223,1.836634024042117,0.05591862360523568,0.1682,0.009,1.0189,0.9967,0.0143,0.0722,-0.0348,0.083,-0.3115,-0.0812,0.1167,0.0105,0.0172,-0.1261,-0.4802,0.0065,0.3948,-0.0346,0.0215,0.2615,-0.1182,-0.0998,0.0219,0.0433,0.0007,-0.0093,-0.005,0.1299,-0.1593,-0.0714,-0.0629,0.0034,0.0199,0.0268,-0.6521,0.3528,-0.483,1.0902,4.4799,-1.4223,0.7319,-8.606,-3.0108,-0.2752,1.325,0.5078,-3.1578,-13.1294,0.5384,8.4898,2.0915,0.481,7.1899,-3.0265,-3.1579,0.9018,2.1445,0.0573,-0.1636,-0.1331,3.9289,-5.6885,-3.0272,-1.326,0.2253,0.5346,0.6871,-1.0,-1.0,-1.0,-1.0,-1.0,-1.0,-1.0,-1.0,-1.0,-1.0,-1.0,-1.0,-1.0,-1.0,-1.0,-1.0,-1.0,-1.0,-1.0,-1.0,-1.0,-1.0,-1.0,-1.0,-1.0,-1.0,-1.0,-1.0,-1.0,-1.0,-1.0,-1.0,-1.0,-1.0,-1.0,-1.0,-1.0,-1.0,-1.0,-1.0,-1.0,-1.0,-1.0,-1.0,-1.0,-1.0,-1.0,-1.0,-1.0,-1.0,-1.0,-1.0,-1.0,-1.0,-1.0,-1.0,-1.0,-1.0,-1.0,-1.0,-1.0,-1.0,-1.0,5.992490261145079,-1.5114432220527223,2.307514024042117
26,0.052,-0.33172127236239474,-0.0005909642179251773,1.2669101154166797,5.992490261145079,-1.5114432220527223,1.817014024042117,0.05591862360523568,0.1669,0.0097,1.0179,0.9963,0.0155,0.0767,-0.0362,0.0843,-0.3286,-0.0873,0.1171,0.015,0.0188,-0.1322,-0.5065,0.0075,0.4117,-0.0301,0.0224,0.276,-0.1242,-0.1057,0.0234,0.0477,0.0008,-0.0097,-0.0053,0.1379,-0.1711,-0.0776,-0.0654,0.0039,0.0209,0.0282,-0.6527,0.3608,-0.4969,1.1543,4.514,-1.4114,0.6146,-8.5745,-3.0351,0.207,2.2369,0.7998,-3.022,-13.1777,0.5258,8.4106,2.227,0.47,7.2323,-2.9741,-2.9613,0.7688,2.2088,0.0599,-0.1608,-0.1333,4.0062,-5.8528,-3.1346,-1.2487,0.2341,0.5316,0.6887,-1.0,-1.0,-1.0,-1.0,-1.0,-1.0,-1.0,-1.0,-1.0,-1.0,-1.0,-1.0,-1.0,-1.0,-1.0,-1.0,-1.0,-1.0,-1.0,-1.0,-1.0,-1.0,-1.0,-1.0,-1.0,-1.0,-1.0,-1.0,-1.0,-1.0,-1.0,-1.0,-1.0,-1.0,-1.0,-1.0,-1.0,-1.0,-1.0,-1.0,-1.0,-1.0,-1.0,-1.0,-1.0,-1.0,-1.0,-1.0,-1.0,-1.0,-1.0,-1.0,-1.0,-1.0,-1.0,-1.0,-1.0,-1.0,-1.0,-1.0,-1.0,-1.0,-1.0,5.992490261145079,-1.5114432220527223,2.307514024042117
27,0.054,-0.31973629184010455,-0.0036138506620306265,1.270524523464764,5.992490261145079,-1.5114432220527223,1.797394024042117,0.05591862360523568,0.1656,0.0105,1.0168,0.9958,0.0168,0.0812,-0.0376,0.0851,-0.3456,-0.0933,0.1165,0.0194,0.0203,-0.1379,-0.533,0.0086,0.4283,-0.0254,0.0233,0.2904,-0.1298,-0.1105,0.0242,0.0521,0.0009,-0.01,-0.0055,0.146,-0.1831,-0.0841,-0.0677,0.0043,0.022,0.0296,-0.6529,0.3641,-0.5227,1.2005,4.5462,-1.417,0.4176,-8.4708,-3.03,-0.3141,2.2096,0.7704,-2.8676,-13.2224,0.5354,8.3395,2.3488,0.4588,7.2055,-2.7971,-2.4315,0.4157,2.1906,0.0589,-0.1621,-0.1351,4.0335,-6.0054,-3.2218,-1.1815,0.2414,0.5289,0.6903,-1.0,-1.0,-1.0,-1.0,-1.0,-1.0,-1.0,-1.0,-1.0,-1.0,-1.0,-1.0,-1.0,-1.0,-1.0,-1.0,-1.0,-1.0,-1.0,-1.0,-1.0,-1.0,-1.0,-1.0,-1.0,-1.0,-1.0,-1.0,-1.0,-1.0,-1.0,-1.0,-1.0,-1.0,-1.0,-1.0,-1.0,-1.0,-1.0,-1.0,-1.0,-1.0,-1.0,-1.0,-1.0,-1.0,-1.0,-1.0,-1.0,-1.0,-1.0,-1.0,-1.0,-1.0,-1.0,-1.0,-1.0,-1.0,-1.0,-1.0,-1.0,-1.0,-1.0,5.992490261145079,-1.5114432220527223,2.307514024042117
28,0.056,-0.3077513113178144,-0.006636737106136062,1.2740996915128482,5.992490261145079,-1.5114432220527223,1.7777740240421172,0.05591862360523568,0.1643,0.0112,1.0158,0.9954,0.018,0.0857,-0.0391,0.0852,-0.3622,-0.0991,0.1149,0.0237,0.0219,-0.1433,-0.5592,0.0097,0.4447,-0.0206,0.0242,0.3048,-0.1349,-0.1145,0.0248,0.0563,0.001,-0.0103,-0.0058,0.1542,-0.1954,-0.0907,-0.0697,0.0048,0.023,0.031,-0.646,0.3627,-0.5458,1.2143,4.5392,-1.4277,0.0663,-8.3056,-2.8741,-0.7966,2.14,0.7591,-2.6836,-13.1334,0.5603,8.1786,2.392,0.4315,7.1917,-2.5499,-1.9984,0.2896,2.0985,0.0411,-0.1583,-0.1325,4.1072,-6.1581,-3.2978,-0.975,0.2487,0.5108,0.6964,-1.0,-1.0,-1.0,-1.0,-1.0,-1.0,-1.0,-1.0,-1.0,-1.0,-1.0,-1.0,-1.0,-1.0,-1.0,-1.0,-1.0,-1.0,-1.0,-1.0,-1.0,-1.0,-1.0,-1.0,-1.0,-1.0,-1.0,-1.0,-1.0,-1.0,-1.0,-1.0,-1.0,-1.0,-1.0,-1.0,-1.0,-1.0,-1.0,-1.0,-1.0,-1.0,-1.0,-1.0,-1.0,-1.0,-1.0,-1.0,-1.0,-1.0,-1.0,-1.0,-1.0,-1.0,-1.0,-1.0,-1.0,-1.0,-1.0,-1.0,-1.0,-1.0,-1.0,5.992490261145079,-1.5114432220527223,2.307514024042117
29,0.058,-0.2957663307955243,-0.009659623550241511,1.2776356195609324,5.992490261145079,-1.5114432220527223,1.758154024042117,0.05591862360523568,0.163,0.0119,1.0146,0.9949,0.0193,0.0902,-0.0405,0.0847,-0.3785,-0.1045,0.1124,0.0278,0.0234,-0.1483,-0.5853,0.0109,0.4608,-0.0158,0.025,0.3191,-0.1395,-0.1177,0.0252,0.0603,0.0011,-0.0106,-0.0061,0.1625,-0.208,-0.0974,-0.0713,0.0054,0.024,0.0324,-0.6391,0.3619,-0.5688,1.2272,4.5326,-1.4314,-0.2832,-8.156,-2.7047,-1.2485,2.0584,0.749,-2.5108,-13.0496,0.577,8.0307,2.4286,0.4054,7.1661,-2.2968,-1.5981,0.167,2.0031,0.0258,-0.1558,-0.1303,4.1833,-6.3108,-3.3722,-0.7864,0.2549,0.4956,0.7016,-1.0,-1.0,-1.0,-1.0,-1.0,-1.0,-1.0,-1.0,-1.0,-1.0,-1.0,-1.0,-1.0,-1.0,-1.0,-1.0,-1.0,-1.0,-1.0,-1.0,-1.0,-1.0,-1.0,-1.0,-1.0,-1.0,-1.0,-1.0,-1.0,-1.0,-1.0,-1.0,-1.0,-1.0,-1.0,-1.0,-1.0,-1.0,-1.0,-1.0,-1.0,-1.0,-1.0,-1.0,-1.0,-1.0,-1.0,-1.0,-1.0,-1.0,-1.0,-1.0,-1.0,-1.0,-1.0,-1.0,-1.0,-1.0,-1.0,-1.0,-1.0,-1.0,-1.0,5.992490261145079,-1.5114432220527223,2.307514024042117
30,0.06,-0.2837813502732341,-0.01268250999434696,1.2811323076090166,5.992490261145079,-1.5114432220527223,1.738534024042117,0.05591862360523568,0.1617,0.0126,1.0134,0.9944,0.0206,0.0946,-0.0419,0.0834,-0.3945,-0.1095,0.109,0.0318,0.0248,-0.153,-0.6113,0.012,0.4765,-0.0108,0.0258,0.3334,-0.1436,-0.1203,0.0253,0.0641,0.0011,-0.0109,-0.0063,0.1711,-0.2209,-0.1043,-0.0725,0.0059,0.025,0.0338,-0.6327,0.362,-0.5919,1.2383,4.5261,-1.4273,-0.6294,-8.0235,-2.5225,-1.6663,1.9655,0.74,-2.3487,-12.9713,0.5862,7.8958,2.459,0.3802,7.1392,-2.0642,-1.2551,0.0631,1.9148,0.0126,-0.1537,-0.1282,4.2685,-6.466,-3.4474,-0.6134,0.2601,0.483,0.7061,-1.0,-1.0,-1.0,-1.0,-1.0,-1.0,-1.0,-1.0,-1.0,-1.0,-1.0,-1.0,-1.0,-1.0,-1.0,-1.0,-1.0,-1.0,-1.0,-1.0,-1.0,-1.0,-1.0,-1.0,-1.0,-1.0,-1.0,-1.0,-1.0,-1.0,-1.0,-1.0,-1.0,-1.0,-1.0,-1.0,-1.0,-1.0,-1.0,-1.0,-1.0,-1.0,-1.0,-1.0,-1.0,-1.0,-1.0,-1.0,-1.0,-1.0,-1.0,-1.0,-1.0,-1.0,-1.0,-1.0,-1.0,-1.0,-1.0,-1.0,-1.0,-1.0,-1.0,5.992490261145079,-1.5114432220527223,2.307514024042117
31,0.062,-0.27179636975094396,-0.015705396438452396,1.2845897556571009,5.992490261145079,-1.5114432220527223,1.718914024042117,0.05591862360523568,0.1605,0.0134,1.0122,0.9939,0.0219,0.0991,-0.0434,0.0817,-0.4103,-0.1143,0.1052,0.0356,0.0263,-0.1573,-0.637,0.0132,0.4921,-0.0059,0.0265,0.3476,-0.1473,-0.1221,0.0253,0.068,0.0011,-0.0112,-0.0066,0.1798,-0.2342,-0.1114,-0.0734,0.0064,0.0259,0.0352,-0.6248,0.3631,-0.615,1.2552,4.4991,-1.4358,-0.8658,-7.9012,-2.3714,-1.9411,1.8929,0.7137,-2.1761,-12.8774,0.5726,7.7975,2.4787,0.3572,7.1324,-1.8663,-0.946,0.0031,1.9362,-0.0018,-0.1442,-0.1277,4.3475,-6.6215,-3.5241,-0.4278,0.263,0.4672,0.7101,-1.0,-1.0,-1.0,-1.0,-1.0,-1.0,-1.0,-1.0,-1.0,-1.0,-1.0,-1.0,-1.0,-1.0,-1.0,-1.0,-1.0,-1.0,-1.0,-1.0,-1.0,-1.0,-1.0,-1.0,-1.0,-1.0,-1.0,-1.0,-1.0,-1.0,-1.0,-1.0,-1.0,-1.0,-1.0,-1.0,-1.0,-1.0,-1.0,-1.0,-1.0,-1.0,-1.0,-1.0,-1.0,-1.0,-1.0,-1.0,-1.0,-1.0,-1.0,-1.0,-1.0,-1.0,-1.0,-1.0,-1.0,-1.0,-1.0,-1.0,-1.0,-1.0,-1.0,5.992490261145079,-1.5114432220527223,2.307514024042117
32,0.064,-0.2598113892286538,-0.018728282882557845,1.288007963705185,5.992490261145079,-1.5114432220527223,1.699294024042117,0.05591862360523568,0.1592,0.0141,1.0109,0.9933,0.0232,0.1035,-0.0449,0.0795,-0.4259,-0.1187,0.1008,0.0392,0.0276,-0.1614,-0.6626,0.0143,0.5076,-0.0009,0.0272,0.3619,-0.1507,-0.1235,0.0252,0.072,0.0011,-0.0115,-0.0068,0.1886,-0.2477,-0.1186,-0.0739,0.0069,0.0268,0.0366,-0.6166,0.365,-0.6381,1.2715,4.4656,-1.4382,-1.0727,-7.7892,-2.2254,-2.1582,1.8205,0.6837,-2.0171,-12.7776,0.5511,7.7082,2.4934,0.3349,7.1217,-1.6869,-0.684,-0.0527,1.982,-0.0156,-0.1339,-0.1275,4.4241,-6.7776,-3.6012,-0.2513,0.2655,0.4531,0.7137,-1.0,-1.0,-1.0,-1.0,-1.0,-1.0,-1.0,-1.0,-1.0,-1.0,-1.0,-1.0,-1.0,-1.0,-1.0,-1.0,-1.0,-1.0,-1.0,-1.0,-1.0,-1.0,-1.0,-1.0,-1.0,-1.0,-1.0,-1.0,-1.0,-1.0,-1.0,-1.0,-1.0,-1.0,-1.0,-1.0,-1.0,-1.0,-1.0,-1.0,-1.0,-1.0,-1.0,-1.0,-1.0,-1.0,-1.0,-1.0,-1.0,-1.0,-1.0,-1.0,-1.0,-1.0,-1.0,-1.0,-1.0,-1.0,-1.0,-1.0,-1.0,-1.0,-1.0,5.992490261145079,-1.5114432220527223,2.307514024042117
33,0.066,-0.24782640870636363,-0.02175116932666328,1.2913869317532694,5.992490261145079,-1.5114432220527223,1.679674024042117,0.05591862360523568,0.158,0.0148,1.0096,0.9928,0.0245,0.1079,-0.0463,0.077,-0.4413,-0.1229,0.0962,0.0427,0.0289,-0.1651,-0.6879,0.0153,0.5228,0.0041,0.0278,0.3761,-0.1538,-0.1244,0.025,0.0761,0.001,-0.0117,-0.0071,0.1976,-0.2616,-0.1259,-0.074,0.0075,0.0277,0.038,-0.6083,0.3674,-0.6614,1.288,4.4251,-1.4355,-1.2491,-7.6853,-2.0871,-2.3176,1.7481,0.65,-1.8724,-12.6719,0.5232,7.6274,2.5038,0.3132,7.1061,-1.5302,-0.4498,-0.1118,2.0518,-0.0289,-0.1229,-0.1275,4.4964,-6.9331,-3.6785,-0.0846,0.2677,0.4404,0.717,-1.0,-1.0,-1.0,-1.0,-1.0,-1.0,-1.0,-1.0,-1.0,-1.0,-1.0,-1.0,-1.0,-1.0,-1.0,-1.0,-1.0,-1.0,-1.0,-1.0,-1.0,-1.0,-1.0,-1.0,-1.0,-1.0,-1.0,-1.0,-1.0,-1.0,-1.0,-1.0,-1.0,-1.0,-1.0,-1.0,-1.0,-1.0,-1.0,-1.0,-1.0,-1.0,-1.0,-1.0,-1.0,-1.0,-1.0,-1.0,-1.0,-1.0,-1.0,-1.0,-1.0,-1.0,-1.0,-1.0,-1.0,-1.0,-1.0,-1.0,-1.0,-1.0,-1.0,5.992490261145079,-1.5114432220527223,2.307514024042117
34,0.068,-0.23584142818407344,-0.02477405577076873,1.2947266598013536,5.992490261145079,-1.5114432220527223,1.6600540240421169,0.05591862360523568,0.1568,0.0156,1.0082,0.9922,0.0259,0.1122,-0.0478,0.0742,-0.4564,-0.1268,0.0914,0.046,0.0302,-0.1686,-0.7131,0.0163,0.5379,0.0091,0.0284,0.3903,-0.1566,-0.1249,0.0246,0.0804,0.0009,-0.0119,-0.0073,0.2067,-0.2758,-0.1334,-0.0739,0.008,0.0285,0.0395,-0.5997,0.3701,-0.6848,1.3051,4.3774,-1.4289,-1.3946,-7.5876,-1.9588,-2.4183,1.6755,0.613,-1.743,-12.5604,0.4902,7.5541,2.511,0.2915,7.0851,-1.3941,-0.2417,-0.1664,2.1432,-0.0417,-0.1111,-0.1277,4.5639,-7.0873,-3.7556,0.0713,0.2696,0.4287,0.7199,-1.0,-1.0,-1.0,-1.0,-1.0,-1.0,-1.0,-1.0,-1.0,-1.0,-1.0,-1.0,-1.0,-1.0,-1.0,-1.0,-1.0,-1.0,-1.0,-1.0,-1.0,-1.0,-1.0,-1.0,-1.0,-1.0,-1.0,-1.0,-1.0,-1.0,-1.0,-1.0,-1.0,-1.0,-1.0,-1.0,-1.0,-1.0,-1.0,-1.0,-1.0,-1.0,-1.0,-1.0,-1.0,-1.0,-1.0,-1.0,-1.0,-1.0,-1.0,-1.0,-1.0,-1.0,-1.0,-1.0,-1.0,-1.0,-1.0,-1.0,-1.0,-1.0,-1.0,5.992490261145079,-1.5114432220527223,2.307514024042117
35,0.07,-0.2238564476617833,-0.02779694221487418,1.2980271478494376,5.992490261145079,-1.5114432220527223,1.640434024042117,0.05591862360523568,0.1556,0.0163,1.0068,0.9916,0.0273,0.1164,-0.0492,0.0712,-0.4714,-0.1305,0.0865,0.0492,0.0313,-0.1719,-0.738,0.0172,0.5529,0.0142,0.0289,0.4044,-0.1591,-0.125,0.0242,0.0849,0.0008,-0.0121,-0.0076,0.216,-0.2903,-0.1411,-0.0735,0.0085,0.0294,0.0409,-0.5908,0.3732,-0.7084,1.323,4.3221,-1.4193,-1.5084,-7.4946,-1.8432,-2.4583,1.6023,0.5729,-1.6294,-12.4433,0.4538,7.4869,2.5157,0.2696,7.0583,-1.2761,-0.0591,-0.2052,2.2546,-0.054,-0.0986,-0.1283,4.6268,-7.2398,-3.8322,0.2146,0.2712,0.4177,0.7225,-1.0,-1.0,-1.0,-1.0,-1.0,-1.0,-1.0,-1.0,-1.0,-1.0,-1.0,-1.0,-1.0,-1.0,-1.0,-1.0,-1.0,-1.0,-1.0,-1.0,-1.0,-1.0,-1.0,-1.0,-1.0,-1.0,-1.0,-1.0,-1.0,-1.0,-1.0,-1.0,-1.0,-1.0,-1.0,-1.0,-1.0,-1.0,-1.0,-1.0,-1.0,-1.0,-1.0,-1.0,-1.0,-1.0,-1.0,-1.0,-1.0,-1.0,-1.0,-1.0,-1.0,-1.0,-1.0,-1.0,-1.0,-1.0,-1.0,-1.0,-1.0,-1.0,-1.0,5.992490261145079,-1.5114432220527223,2.307514024042117
36,0.072,-0.21187146713949312,-0.03081982865897963,1.301288395897522,5.992490261145079,-1.5114432220527223,1.620814024042117,0.05591862360523568,0.1545,0.0171,1.0053,0.991,0.0286,0.1206,-0.0506,0.0681,-0.4863,-0.134,0.0815,0.0523,0.0324,-0.1748,-0.7627,0.018,0.568,0.0192,0.0294,0.4184,-0.1614,-0.1248,0.0239,0.0895,0.0007,-0.0123,-0.0078,0.2254,-0.305,-0.1489,-0.0728,0.0091,0.0302,0.0424,-0.583,0.3764,-0.7332,1.3405,4.2694,-1.3909,-1.5827,-7.4251,-1.7527,-2.4779,1.5358,0.5349,-1.4871,-12.3618,0.3862,7.553,2.5205,0.2549,6.995,-1.168,0.1009,-0.1828,2.315,-0.0624,-0.0894,-0.1261,4.687,-7.3915,-3.9051,0.3332,0.2741,0.4094,0.7253,-1.0,-1.0,-1.0,-1.0,-1.0,-1.0,-1.0,-1.0,-1.0,-1.0,-1.0,-1.0,-1.0,-1.0,-1.0,-1.0,-1.0,-1.0,-1.0,-1.0,-1.0,-1.0,-1.0,-1.0,-1.0,-1.0,-1.0,-1.0,-1.0,-1.0,-1.0,-1.0,-1.0,-1.0,-1.0,-1.0,-1.0,-1.0,-1.0,-1.0,-1.0,-1.0,-1.0,-1.0,-1.0,-1.0,-1.0,-1.0,-1.0,-1.0,-1.0,-1.0,-1.0,-1.0,-1.0,-1.0,-1.0,-1.0,-1.0,-1.0,-1.0,-1.0,-1.0,5.992490261145079,-1.5114432220527223,2.307514024042117
37,0.074,-0.19988648661720299,-0.03384271510308508,1.3045104039456064,5.992490261145079,-1.5114432220527223,1.6011940240421167,0.05591862360523568,0.1533,0.0178,1.0038,0.9904,0.03,0.1248,-0.052,0.0648,-0.501,-0.1374,0.0766,0.0553,0.0334,-0.1775,-0.7872,0.0186,0.5833,0.0242,0.0299,0.4322,-0.1636,-0.1243,0.0235,0.0943,0.0006,-0.0125,-0.0081,0.2349,-0.3201,-0.1569,-0.0719,0.0097,0.031,0.0438,-0.575,0.3798,-0.7582,1.3579,4.2109,-1.3575,-1.6169,-7.3579,-1.6852,-2.4569,1.4709,0.4953,-1.3534,-12.2775,0.3139,7.6336,2.5244,0.2406,6.919,-1.0758,0.2424,-0.1559,2.3837,-0.0702,-0.0799,-0.1241,4.7416,-7.5413,-3.9765,0.443,0.277,0.4018,0.728,-1.0,-1.0,-1.0,-1.0,-1.0,-1.0,-1.0,-1.0,-1.0,-1.0,-1.0,-1.0,-1.0,-1.0,-1.0,-1.0,-1.0,-1.0,-1.0,-1.0,-1.0,-1.0,-1.0,-1.0,-1.0,-1.0,-1.0,-1.0,-1.0,-1.0,-1.0,-1.0,-1.0,-1.0,-1.0,-1.0,-1.0,-1.0,-1.0,-1.0,-1.0,-1.0,-1.0,-1.0,-1.0,-1.0,-1.0,-1.0,-1.0,-1.0,-1.0,-1.0,-1.0,-1.0,-1.0,-1.0,-1.0,-1.0,-1.0,-1.0,-1.0,-1.0,-1.0,5.992490261145079,-1.5114432220527223,2.307514024042117
38,0.076,-0.18790150609491285,-0.0368656015471905,1.3076931719936906,5.992490261145079,-1.5114432220527223,1.581574024042117,0.05591862360523568,0.1522,0.0186,1.0023,0.9897,0.0314,0.1289,-0.0534,0.0616,-0.5156,-0.1407,0.0718,0.0581,0.0343,-0.18,-0.8116,0.0191,0.5987,0.0293,0.0303,0.4459,-0.1656,-0.1236,0.0233,0.0992,0.0004,-0.0126,-0.0083,0.2444,-0.3355,-0.165,-0.0708,0.0102,0.0318,0.0453,-0.5667,0.3831,-0.7836,1.3748,4.1463,-1.3196,-1.6104,-7.2913,-1.6428,-2.3959,1.4074,0.454,-1.2282,-12.1895,0.2399,7.7267,2.5274,0.2264,6.8289,-0.9993,0.3674,-0.1251,2.4595,-0.0777,-0.0705,-0.1223,4.7897,-7.689,-4.046,0.5446,0.2798,0.3948,0.7304,-1.0,-1.0,-1.0,-1.0,-1.0,-1.0,-1.0,-1.0,-1.0,-1.0,-1.0,-1.0,-1.0,-1.0,-1.0,-1.0,-1.0,-1.0,-1.0,-1.0,-1.0,-1.0,-1.0,-1.0,-1.0,-1.0,-1.0,-1.0,-1.0,-1.0,-1.0,-1.0,-1.0,-1.0,-1.0,-1.0,-1.0,-1.0,-1.0,-1.0,-1.0,-1.0,-1.0,-1.0,-1.0,-1.0,-1.0,-1.0,-1.0,-1.0,-1.0,-1.0,-1.0,-1.0,-1.0,-1.0,-1.0,-1.0,-1.0,-1.0,-1.0,-1.0,-1.0,5.992490261145079,-1.5114432220527223,2.307514024042117
39,0.078,-0.17591652557262272,-0.03988848799129595,1.3108367000417749,5.992490261145079,-1.5114432220527223,1.561954024042117,0.05591862360523568,0.1511,0.0194,1.0006,0.9891,0.0329,0.1329,-0.0547,0.0583,-0.53,-0.1438,0.0671,0.0608,0.0351,-0.1823,-0.8358,0.0195,0.6143,0.0343,0.0308,0.4594,-0.1675,-0.1226,0.0231,0.1043,0.0002,-0.0127,-0.0086,0.2541,-0.3512,-0.1732,-0.0695,0.0108,0.0326,0.0468,-0.5583,0.3859,-0.8086,1.3898,4.0752,-1.289,-1.6302,-7.2191,-1.5746,-2.3352,1.3459,0.4149,-1.134,-12.0801,0.1712,7.7933,2.5192,0.2109,6.7618,-0.9356,0.473,-0.0919,2.5326,-0.0836,-0.0609,-0.1209,4.8218,-7.8323,-4.122,0.6568,0.2809,0.3881,0.7332,-1.0,-1.0,-1.0,-1.0,-1.0,-1.0,-1.0,-1.0,-1.0,-1.0,-1.0,-1.0,-1.0,-1.0,-1.0,-1.0,-1.0,-1.0,-1.0,-1.0,-1.0,-1.0,-1.0,-1.0,-1.0,-1.0,-1.0,-1.0,-1.0,-1.0,-1.0,-1.0,-1.0,-1.0,-1.0,-1.0,-1.0,-1.0,-1.0,-1.0,-1.0,-1.0,-1.0,-1.0,-1.0,-1.0,-1.0,-1.0,-1.0,-1.0,-1.0,-1.0,-1.0,-1.0,-1.0,-1.0,-1.0,-1.0,-1.0,-1.0,-1.0,-1.0,-1.0,5.992490261145079,-1.5114432220527223,2.307514024042117
40,0.08,-0.16393154505033253,-0.0429113744354014,1.313940988089859,5.992490261145079,-1.5114432220527223,1.542334024042117,0.05591862360523568,0.15,0.0201,0.999,0.9884,0.0343,0.1368,-0.0559,0.0554,-0.5444,-0.1472,0.0642,0.0649,0.0363,-0.1844,-0.8597,0.0196,0.63,0.0394,0.0312,0.4727,-0.1692,-0.1215,0.023,0.1095,0.0001,-0.0128,-0.0088,0.2638,-0.3671,-0.1816,-0.068,0.0113,0.0333,0.0482,-0.548,0.3905,-0.8217,1.4288,4.0056,-1.202,-1.4733,-7.1859,-1.6763,-1.4862,2.0781,0.5876,-1.0799,-11.9541,0.0555,7.8414,2.5073,0.1974,6.6379,-0.877,0.5638,-0.0506,2.6333,-0.0887,-0.0509,-0.1196,4.8478,-7.9653,-4.2024,0.7724,0.2817,0.3831,0.736,-1.0,-1.0,-1.0,-1.0,-1.0,-1.0,-1.0,-1.0,-1.0,-1.0,-1.0,-1.0,-1.0,-1.0,-1.0,-1.0,-1.0,-1.0,-1.0,-1.0,-1.0,-1.0,-1.0,-1.0,-1.0,-1.0,-1.0,-1.0,-1.0,-1.0,-1.0,-1.0,-1.0,-1.0,-1.0,-1.0,-1.0,-1.0,-1.0,-1.0,-1.0,-1.0,-1.0,-1.0,-1.0,-1.0,-1.0,-1.0,-1.0,-1.0,-1.0,-1.0,-1.0,-1.0,-1.0,-1.0,-1.0,-1.0,-1.0,-1.0,-1.0,-1.0,-1.0,5.992490261145079,-1.5114432220527223,2.307514024042117
41,0.082,-0.1519465645280424,-0.04593426087950685,1.3170060361379432,5.992490261145079,-1.5114432220527223,1.5227140240421169,0.05591862360523568,0.1489,0.0209,0.9973,0.9878,0.0358,0.1406,-0.0571,0.0525,-0.5586,-0.1505,0.0612,0.0689,0.0374,-0.1864,-0.8833,0.0195,0.6458,0.0443,0.0315,0.4857,-0.1709,-0.1202,0.023,0.1149,-0.0001,-0.0129,-0.0091,0.2735,-0.3833,-0.1902,-0.0662,0.0119,0.0341,0.0497,-0.5388,0.3929,-0.8465,1.4414,3.9262,-1.1584,-1.439,-7.0786,-1.65,-1.4932,1.9831,0.535,-1.015,-11.825,-0.0125,7.9006,2.4923,0.1875,6.5389,-0.8323,0.6401,-0.0028,2.7051,-0.0927,-0.0428,-0.1183,4.8695,-8.1034,-4.2745,0.8794,0.2839,0.3793,0.7388,-1.0,-1.0,-1.0,-1.0,-1.0,-1.0,-1.0,-1.0,-1.0,-1.0,-1.0,-1.0,-1.0,-1.0,-1.0,-1.0,-1.0,-1.0,-1.0,-1.0,-1.0,-1.0,-1.0,-1.0,-1.0,-1.0,-1.0,-1.0,-1.0,-1.0,-1.0,-1.0,-1.0,-1.0,-1.0,-1.0,-1.0,-1.0,-1.0,-1.0,-1.0,-1.0,-1.0,-1.0,-1.0,-1.0,-1.0,-1.0,-1.0,-1.0,-1.0,-1.0,-1.0,-1.0,-1.0,-1.0,-1.0,-1.0,-1.0,-1.0,-1.0,-1.0,-1.0,5.992490261145079,-1.5114432220527223,2.307514024042117
42,0.084,-0.1399615840057522,-0.048957147323612296,1.3200318441860275,5.992490261145079,-1.5114432220527223,1.5030940240421171,0.05591862360523568,0.1478,0.0217,0.9956,0.9871,0.0373,0.1444,-0.0583,0.0498,-0.5725,-0.1538,0.0582,0.0727,0.0383,-0.1884,-0.9067,0.0194,0.6617,0.0493,0.0319,0.4986,-0.1725,-0.1188,0.0231,0.1205,-0.0003,-0.013,-0.0093,0.2833,-0.3998,-0.1988,-0.0642,0.0125,0.0348,0.0512,-0.5295,0.395,-0.8714,1.4536,3.844,-1.1084,-1.3691,-6.9801,-1.6486,-1.4602,1.8909,0.4827,-0.9529,-11.6891,-0.0891,7.9598,2.4741,0.1789,6.4217,-0.7885,0.7121,0.0451,2.7716,-0.0963,-0.0356,-0.1172,4.8817,-8.2398,-4.3418,0.982,0.2857,0.3764,0.7416,-1.0,-1.0,-1.0,-1.0,-1.0,-1.0,-1.0,-1.0,-1.0,-1.0,-1.0,-1.0,-1.0,-1.0,-1.0,-1.0,-1.0,-1.0,-1.0,-1.0,-1.0,-1.0,-1.0,-1.0,-1.0,-1.0,-1.0,-1.0,-1.0,-1.0,-1.0,-1.0,-1.0,-1.0,-1.0,-1.0,-1.0,-1.0,-1.0,-1.0,-1.0,-1.0,-1.0,-1.0,-1.0,-1.0,-1.0,-1.0,-1.0,-1.0,-1.0,-1.0,-1.0,-1.0,-1.0,-1.0,-1.0,-1.0,-1.0,-1.0,-1.0,-1.0,-1.0,5.992490261145079,-1.5114432220527223,2.307514024042117
43,0.086,-0.12797660348346207,-0.05198003376771773,1.3230184122341118,5.992490261145079,-1.5114432220527223,1.483474024042117,0.05591862360523568,0.1468,0.0225,0.9938,0.9864,0.0388,0.148,-0.0594,0.0472,-0.5863,-0.1571,0.0555,0.0763,0.0392,-0.1901,-0.9298,0.019,0.6777,0.0542,0.0322,0.5111,-0.1739,-0.1172,0.0233,0.1261,-0.0005,-0.013,-0.0095,0.293,-0.4165,-0.2076,-0.0621,0.013,0.0356,0.0527,-0.5199,0.3968,-0.8964,1.4657,3.759,-1.0521,-1.262,-6.8894,-1.6744,-1.3888,1.8016,0.4308,-0.892,-11.5467,-0.1755,8.0193,2.453,0.1715,6.2817,-0.7408,0.7914,0.0864,2.8317,-0.0998,-0.0292,-0.1161,4.8827,-8.3839,-4.3677,1.0798,0.2873,0.3743,0.7442,-1.0,-1.0,-1.0,-1.0,-1.0,-1.0,-1.0,-1.0,-1.0,-1.0,-1.0,-1.0,-1.0,-1.0,-1.0,-1.0,-1.0,-1.0,-1.0,-1.0,-1.0,-1.0,-1.0,-1.0,-1.0,-1.0,-1.0,-1.0,-1.0,-1.0,-1.0,-1.0,-1.0,-1.0,-1.0,-1.0,-1.0,-1.0,-1.0,-1.0,-1.0,-1.0,-1.0,-1.0,-1.0,-1.0,-1.0,-1.0,-1.0,-1.0,-1.0,-1.0,-1.0,-1.0,-1.0,-1.0,-1.0,-1.0,-1.0,-1.0,-1.0,-1.0,-1.0,5.992490261145079,-1.5114432220527223,2.307514024042117
44,0.088,-0.11599162296117183,-0.05500292021182318,1.325965740282196,5.992490261145079,-1.5114432220527223,1.463854024042117,0.05591862360523568,0.1458,0.0233,0.9919,0.9858,0.0403,0.1516,-0.0606,0.0447,-0.5999,-0.1603,0.0529,0.0798,0.0399,-0.1917,-0.9527,0.0186,0.694,0.059,0.0326,0.5237,-0.1753,-0.1155,0.0235,0.1318,-0.0007,-0.0131,-0.0098,0.3028,-0.4336,-0.2162,-0.0597,0.0136,0.0363,0.0542,-0.5129,0.3952,-0.9211,1.4642,3.6777,-1.0996,-1.2529,-6.8098,-1.5838,-1.2892,1.7456,0.3834,-0.7581,-11.4303,-0.1893,8.1391,2.4198,0.1575,6.2833,-0.7003,0.8461,0.1411,2.8362,-0.1042,-0.0231,-0.1152,4.8786,-8.5411,-4.3214,1.1861,0.2832,0.3737,0.7466,-1.0,-1.0,-1.0,-1.0,-1.0,-1.0,-1.0,-1.0,-1.0,-1.0,-1.0,-1.0,-1.0,-1.0,-1.0,-1.0,-1.0,-1.0,-1.0,-1.0,-1.0,-1.0,-1.0,-1.0,-1.0,-1.0,-1.0,-1.0,-1.0,-1.0,-1.0,-1.0,-1.0,-1.0,-1.0,-1.0,-1.0,-1.0,-1.0,-1.0,-1.0,-1.0,-1.0,-1.0,-1.0,-1.0,-1.0,-1.0,-1.0,-1.0,-1.0,-1.0,-1.0,-1.0,-1.0,-1.0,-1.0,-1.0,-1.0,-1.0,-1.0,-1.0,-1.0,5.992490261145079,-1.5114432220527223,2.307514024042117
45,0.09,-0.1040066424388818,-0.0580258066559286,1.3288738283302801,5.992490261145079,-1.5114432220527223,1.444234024042117,0.05591862360523568,0.1448,0.0241,0.99,0.9851,0.0418,0.1551,-0.0618,0.0423,-0.6134,-0.1633,0.0505,0.0832,0.0406,-0.1929,-0.9753,0.0182,0.7105,0.0638,0.0328,0.5363,-0.1767,-0.1137,0.0239,0.1375,-0.0009,-0.0131,-0.01,0.3125,-0.451,-0.2247,-0.0571,0.0142,0.0371,0.0557,-0.5058,0.3933,-0.9456,1.4628,3.5945,-1.1531,-1.2372,-6.7332,-1.4951,-1.1715,1.6983,0.3373,-0.6224,-11.3101,-0.2041,8.2621,2.3846,0.1457,6.2867,-0.6587,0.9033,0.1925,2.8344,-0.1083,-0.018,-0.1144,4.866,-8.7043,-4.2405,1.2921,0.2788,0.3738,0.7489,-1.0,-1.0,-1.0,-1.0,-1.0,-1.0,-1.0,-1.0,-1.0,-1.0,-1.0,-1.0,-1.0,-1.0,-1.0,-1.0,-1.0,-1.0,-1.0,-1.0,-1.0,-1.0,-1.0,-1.0,-1.0,-1.0,-1.0,-1.0,-1.0,-1.0,-1.0,-1.0,-1.0,-1.0,-1.0,-1.0,-1.0,-1.0,-1.0,-1.0,-1.0,-1.0,-1.0,-1.0,-1.0,-1.0,-1.0,-1.0,-1.0,-1.0,-1.0,-1.0,-1.0,-1.0,-1.0,-1.0,-1.0,-1.0,-1.0,-1.0,-1.0,-1.0,-1.0,5.992490261145079,-1.5114432220527223,2.307514024042117
46,0.092,-0.09202166191659156,-0.06104869310003405,1.3317426763783642,5.992490261145079,-1.5114432220527223,1.424614024042117,0.05591862360523568,0.1438,0.0249,0.9881,0.9844,0.0433,0.1585,-0.0631,0.0398,-0.6267,-0.1661,0.0485,0.0865,0.0412,-0.1939,-0.9977,0.0178,0.7273,0.0685,0.0331,0.5489,-0.1779,-0.1118,0.0244,0.1431,-0.0012,-0.0132,-0.0102,0.3222,-0.4688,-0.233,-0.0543,0.0147,0.0378,0.0572,-0.4988,0.3913,-0.97,1.4628,3.5093,-1.2098,-1.2175,-6.6594,-1.4104,-1.0366,1.6594,0.2923,-0.4852,-11.1859,-0.225,8.3872,2.3477,0.1361,6.2911,-0.6167,0.9628,0.2409,2.8289,-0.1122,-0.0139,-0.1139,4.8456,-8.8717,-4.1332,1.3971,0.2742,0.3746,0.751,-1.0,-1.0,-1.0,-1.0,-1.0,-1.0,-1.0,-1.0,-1.0,-1.0,-1.0,-1.0,-1.0,-1.0,-1.0,-1.0,-1.0,-1.0,-1.0,-1.0,-1.0,-1.0,-1.0,-1.0,-1.0,-1.0,-1.0,-1.0,-1.0,-1.0,-1.0,-1.0,-1.0,-1.0,-1.0,-1.0,-1.0,-1.0,-1.0,-1.0,-1.0,-1.0,-1.0,-1.0,-1.0,-1.0,-1.0,-1.0,-1.0,-1.0,-1.0,-1.0,-1.0,-1.0,-1.0,-1.0,-1.0,-1.0,-1.0,-1.0,-1.0,-1.0,-1.0,5.992490261145079,-1.5114432220527223,2.307514024042117
47,0.094,-0.08003668139430142,-0.0640715795441395,1.3345722844264487,5.992490261145079,-1.5114432220527223,1.404994024042117,0.05591862360523568,0.1428,0.0257,0.9861,0.9837,0.0448,0.1619,-0.0643,0.0374,-0.6398,-0.1688,0.0465,0.0897,0.0417,-0.1946,-1.0197,0.0171,0.7444,0.0731,0.0334,0.5612,-0.179,-0.1097,0.025,0.1488,-0.0014,-0.0132,-0.0104,0.3318,-0.4869,-0.241,-0.0513,0.0153,0.0386,0.0587,-0.4904,0.3913,-0.994,1.4733,3.4184,-1.188,-1.2139,-6.5582,-1.3741,-0.9847,1.5918,0.2505,-0.3842,-11.0418,-0.3249,8.5186,2.3074,0.1257,6.1858,-0.5683,1.0326,0.2898,2.8289,-0.1142,-0.0113,-0.113,4.8062,-9.0457,-4.0039,1.4938,0.2724,0.3759,0.7529,-1.0,-1.0,-1.0,-1.0,-1.0,-1.0,-1.0,-1.0,-1.0,-1.0,-1.0,-1.0,-1.0,-1.0,-1.0,-1.0,-1.0,-1.0,-1.0,-1.0,-1.0,-1.0,-1.0,-1.0,-1.0,-1.0,-1.0,-1.0,-1.0,-1.0,-1.0,-1.0,-1.0,-1.0,-1.0,-1.0,-1.0,-1.0,-1.0,-1.0,-1.0,-1.0,-1.0,-1.0,-1.0,-1.0,-1.0,-1.0,-1.0,-1.0,-1.0,-1.0,-1.0,-1.0,-1.0,-1.0,-1.0,-1.0,-1.0,-1.0,-1.0,-1.0,-1.0,5.992490261145079,-1.5114432220527223,2.307514024042117
48,0.096,-0.06805170087201129,-0.06709446598824495,1.337362652474533,5.992490261145079,-1.5114432220527223,1.3853740240421168,0.05591862360523568,0.1418,0.0264,0.9841,0.983,0.0463,0.1651,-0.0655,0.035,-0.6527,-0.1715,0.0446,0.0927,0.0421,-0.1952,-1.0415,0.0163,0.7617,0.0776,0.0336,0.5734,-0.1801,-0.1075,0.0257,0.1544,-0.0016,-0.0132,-0.0107,0.3413,-0.5053,-0.2487,-0.0482,0.0158,0.0393,0.0602,-0.4818,0.391,-1.0179,1.4838,3.3259,-1.1594,-1.2021,-6.4557,-1.3483,-0.9351,1.5203,0.2103,-0.2903,-10.8921,-0.4305,8.6527,2.2653,0.1168,6.0639,-0.519,1.1046,0.3378,2.8242,-0.1157,-0.0096,-0.1123,4.7574,-9.2231,-3.8532,1.5876,0.2705,0.378,0.7546,-1.0,-1.0,-1.0,-1.0,-1.0,-1.0,-1.0,-1.0,-1.0,-1.0,-1.0,-1.0,-1.0,-1.0,-1.0,-1.0,-1.0,-1.0,-1.0,-1.0,-1.0,-1.0,-1.0,-1.0,-1.0,-1.0,-1.0,-1.0,-1.0,-1.0,-1.0,-1.0,-1.0,-1.0,-1.0,-1.0,-1.0,-1.0,-1.0,-1.0,-1.0,-1.0,-1.0,-1.0,-1.0,-1.0,-1.0,-1.0,-1.0,-1.0,-1.0,-1.0,-1.0,-1.0,-1.0,-1.0,-1.0,-1.0,-1.0,-1.0,-1.0,-1.0,-1.0,5.992490261145079,-1.5114432220527223,2.307514024042117
49,0.098,-0.056066720349721155,-0.0701173524323504,1.340113780522617,5.992490261145079,-1.5114432220527223,1.365754024042117,0.05591862360523568,0.1409,0.0272,0.982,0.9823,0.0477,0.1682,-0.0667,0.0326,-0.6654,-0.1742,0.0429,0.0956,0.0425,-0.1956,-1.063,0.0152,0.7792,0.0821,0.0338,0.5852,-0.181,-0.1052,0.0264,0.1601,-0.0019,-0.0132,-0.0109,0.3507,-0.5241,-0.2561,-0.0448,0.0163,0.0401,0.0617,-0.4731,0.3905,-1.0418,1.4948,3.2322,-1.123,-1.1843,-6.3522,-1.3333,-0.8879,1.4453,0.1719,-0.2036,-10.7373,-0.5438,8.7887,2.2216,0.1095,5.9251,-0.469,1.1788,0.385,2.8158,-0.1168,-0.0084,-0.1117,4.6996,-9.4033,-3.6846,1.678,0.2684,0.3808,0.7564,-1.0,-1.0,-1.0,-1.0,-1.0,-1.0,-1.0,-1.0,-1.0,-1.0,-1.0,-1.0,-1.0,-1.0,-1.0,-1.0,-1.0,-1.0,-1.0,-1.0,-1.0,-1.0,-1.0,-1.0,-1.0,-1.0,-1.0,-1.0,-1.0,-1.0,-1.0,-1.0,-1.0,-1.0,-1.0,-1.0,-1.0,-1.0,-1.0,-1.0,-1.0,-1.0,-1.0,-1.0,-1.0,-1.0,-1.0,-1.0,-1.0,-1.0,-1.0,-1.0,-1.0,-1.0,-1.0,-1.0,-1.0,-1.0,-1.0,-1.0,-1.0,-1.0,-1.0,5.992490261145079,-1.5114432220527223,2.307514024042117
50,0.1,-0.04408173982743091,-0.07314023887645585,1.3428256685707014,5.992490261145079,-1.5114432220527223,1.346134024042117,0.05591862360523568,0.1399,0.028,0.9799,0.9817,0.0493,0.1712,-0.0679,0.0303,-0.6779,-0.1769,0.0412,0.0983,0.0427,-0.1959,-1.0842,0.0138,0.7971,0.0864,0.034,0.5968,-0.1818,-0.1027,0.0273,0.1657,-0.0021,-0.0132,-0.0111,0.36,-0.5433,-0.2631,-0.0413,0.0169,0.0409,0.0632,-0.4643,0.3898,-1.0655,1.5065,3.1375,-1.0777,-1.1626,-6.248,-1.3295,-0.8437,1.3672,0.1351,-0.1243,-10.5777,-0.6662,8.9259,2.1766,0.1036,5.7696,-0.4187,1.2554,0.4315,2.8047,-0.1175,-0.0077,-0.1112,4.6333,-9.5859,-3.5011,1.7644,0.2659,0.3841,0.7581,-1.0,-1.0,-1.0,-1.0,-1.0,-1.0,-1.0,-1.0,-1.0,-1.0,-1.0,-1.0,-1.0,-1.0,-1.0,-1.0,-1.0,-1.0,-1.0,-1.0,-1.0,-1.0,-1.0,-1.0,-1.0,-1.0,-1.0,-1.0,-1.0,-1.0,-1.0,-1.0,-1.0,-1.0,-1.0,-1.0,-1.0,-1.0,-1.0,-1.0,-1.0,-1.0,-1.0,-1.0,-1.0,-1.0,-1.0,-1.0,-1.0,-1.0,-1.0,-1.0,-1.0,-1.0,-1.0,-1.0,-1.0,-1.0,-1.0,-1.0,-1.0,-1.0,-1.0,5.992490261145079,-1.5114432220527223,2.307514024042117
51,0.102,-0.032096759305140776,-0.0761631253205613,1.3454983166187855,5.992490261145079,-1.5114432220527223,1.326514024042117,0.05591862360523568,0.139,0.0288,0.9777,0.981,0.0508,0.1742,-0.069,0.028,-0.6901,-0.1794,0.0396,0.1009,0.0429,-0.1959,-1.1048,0.0123,0.8151,0.0907,0.0342,0.608,-0.1826,-0.1,0.0283,0.1712,-0.0023,-0.0133,-0.0114,0.3691,-0.5628,-0.2695,-0.0375,0.0174,0.0416,0.0647,-0.4533,0.3866,-1.0869,1.5084,3.0223,-1.0494,-1.172,-6.1116,-1.2784,-0.7639,1.2759,0.0933,-0.0172,-10.3367,-0.7886,8.9793,2.1232,0.1,5.6252,-0.3678,1.3314,0.4754,2.7752,-0.1187,-0.0137,-0.129,4.558,-9.7744,-3.2465,1.8623,0.262,0.3809,0.7558,-1.0,-1.0,-1.0,-1.0,-1.0,-1.0,-1.0,-1.0,-1.0,-1.0,-1.0,-1.0,-1.0,-1.0,-1.0,-1.0,-1.0,-1.0,-1.0,-1.0,-1.0,-1.0,-1.0,-1.0,-1.0,-1.0,-1.0,-1.0,-1.0,-1.0,-1.0,-1.0,-1.0,-1.0,-1.0,-1.0,-1.0,-1.0,-1.0,-1.0,-1.0,-1.0,-1.0,-1.0,-1.0,-1.0,-1.0,-1.0,-1.0,-1.0,-1.0,-1.0,-1.0,-1.0,-1.0,-1.0,-1.0,-1.0,-1.0,-1.0,-1.0,-1.0,-1.0,5.992490261145079,-1.5114432220527223,2.307514024042117
52,0.104,-0.020111778782850642,-0.07918601176466675,1.3481317246668698,5.992490261145079,-1.5114432220527223,1.306894024042117,0.05591862360523568,0.1382,0.0295,0.9755,0.9803,0.0523,0.177,-0.0701,0.0258,-0.7022,-0.1821,0.0394,0.1048,0.0436,-0.1958,-1.125,0.0104,0.8331,0.0948,0.0344,0.6188,-0.1832,-0.0972,0.0293,0.1768,-0.0026,-0.0133,-0.0117,0.3781,-0.5827,-0.2756,-0.0336,0.0179,0.0424,0.0662,-0.4429,0.3838,-1.0953,1.5323,2.9254,-0.9465,-1.0683,-6.0309,-1.3534,-0.1094,1.9651,0.3234,0.0421,-10.1004,-0.9558,9.0228,2.0693,0.0965,5.4093,-0.3152,1.4126,0.5143,2.7739,-0.1195,-0.0183,-0.1443,4.465,-9.9057,-3.0217,1.9511,0.2576,0.3789,0.7538,-1.0,-1.0,-1.0,-1.0,-1.0,-1.0,-1.0,-1.0,-1.0,-1.0,-1.0,-1.0,6.685841873817495,-1.0,-1.0,-1.0,-1.0,-1.0,-1.0,-1.0,-1.0,-1.0,-1.0,-1.0,-1.0,-1.0,-1.0,-1.0,-1.0,-1.0,-1.0,-1.0,-1.0,-1.0,-1.0,-1.0,-1.0,-1.0,-1.0,-1.0,-1.0,-1.0,-1.0,-1.0,-1.0,-1.0,-1.0,-1.0,-1.0,-1.0,-1.0,-1.0,-1.0,-1.0,-1.0,-1.0,-1.0,-1.0,-1.0,-1.0,-1.0,-1.0,-1.0,5.992490261145079,-1.5114432220527223,2.307514024042117
53,0.106,-0.008126798260560397,-0.0822088982087722,1.350725892714954,5.992490261145079,-1.5114432220527223,1.287274024042117,0.05591862360523568,0.1373,0.0303,0.9733,0.9797,0.0539,0.1797,-0.071,0.0239,-0.7141,-0.185,0.0402,0.1099,0.0446,-0.1956,-1.1448,0.0081,0.8512,0.0988,0.0346,0.6292,-0.1837,-0.0942,0.0304,0.1823,-0.0028,-0.0133,-0.012,0.3868,-0.6026,-0.2812,-0.0296,0.0184,0.0431,0.0677,-0.4322,0.3799,-1.1044,1.5544,2.829,-0.8445,-0.9725,-5.9285,-1.4258,0.4058,2.5319,0.5176,0.0915,-9.8629,-1.1162,9.07,2.0112,0.0931,5.1879,-0.2652,1.4963,0.554,2.7707,-0.1197,-0.0227,-0.1569,4.3522,-9.9864,-2.8213,2.0285,0.2531,0.3779,0.7521,-1.0,-1.0,-1.0,-1.0,-1.0,-1.0,-1.0,-1.0,-1.0,6.824196982422651,-1.0,-1.0,7.1668507650202695,-1.0,-1.0,-1.0,-1.0,-1.0,-1.0,-1.0,-1.0,-1.0,-1.0,-1.0,-1.0,-1.0,-1.0,-1.0,-1.0,-1.0,-1.0,-1.0,-1.0,-1.0,-1.0,-1.0,-1.0,-1.0,-1.0,-1.0,-1.0,-1.0,-1.0,-1.0,-1.0,-1.0,-1.0,-1.0,-1.0,-1.0,-1.0,-1.0,-1.0,-1.0,-1.0,-1.0,-1.0,-1.0,-1.0,-1.0,-1.0,-1.0,-1.0,5.992490261145079,-1.5114432220527223,2.307514024042117
54,0.108,0.0038581822617296258,-0.08523178465287762,1.3532808207630382,5.992490261145079,-1.5114432220527223,1.267654024042117,0.05591862360523568,0.1364,0.0311,0.9711,0.979,0.0555,0.1823,-0.0719,0.0221,-0.7257,-0.188,0.0419,0.1159,0.046,-0.1954,-1.164,0.0056,0.8695,0.1027,0.0348,0.6391,-0.1842,-0.091,0.0316,0.1879,-0.0031,-0.0134,-0.0123,0.3952,-0.6227,-0.2865,-0.0254,0.0189,0.0439,0.0692,-0.421,0.3755,-1.1143,1.5764,2.7325,-0.7387,-0.8682,-5.8099,-1.5111,0.8077,2.9894,0.6838,0.1303,-9.6251,-1.2772,9.1261,1.9502,0.0896,4.9588,-0.2166,1.5801,0.5935,2.768,-0.1194,-0.0269,-0.1672,4.2186,-10.0188,-2.6429,2.0955,0.2486,0.3778,0.7505,-1.0,-1.0,-1.0,-1.0,-1.0,-1.0,-1.0,-1.0,-1.0,7.222430871410283,-1.0,-1.0,7.7082754447577155,-1.0,-1.0,-1.0,-1.0,-1.0,-1.0,-1.0,-1.0,-1.0,-1.0,-1.0,-1.0,-1.0,-1.0,-1.0,-1.0,-1.0,-1.0,-1.0,-1.0,-1.0,-1.0,-1.0,-1.0,-1.0,-1.0,-1.0,-1.0,-1.0,-1.0,-1.0,-1.0,-1.0,-1.0,-1.0,-1.0,-1.0,-1.0,-1.0,-1.0,-1.0,-1.0,-1.0,-1.0,-1.0,-1.0,-1.0,-1.0,-1.0,-1.0,5.992490261145079,-1.5114432220527223,2.307514024042117
55,0.11,0.01584316278401987,-0.08825467109698307,1.3557965088111223,5.992490261145079,-1.5114432220527223,1.248034024042117,0.05591862360523568,0.1356,0.0318,0.9688,0.9784,0.0571,0.1848,-0.0727,0.0204,-0.737,-0.191,0.0442,0.1225,0.0476,-0.1949,-1.1824,0.0026,0.8873,0.1066,0.035,0.6485,-0.1844,-0.0877,0.0329,0.1932,-0.0033,-0.0135,-0.0127,0.4034,-0.6427,-0.2912,-0.021,0.0195,0.0446,0.0707,-0.4048,0.3671,-1.1184,1.5739,2.6027,-0.6161,-0.8948,-5.6545,-1.499,1.199,3.3057,0.7966,0.2441,-9.1781,-1.4985,8.9001,1.9099,0.0936,4.6969,-0.1327,1.6687,0.6456,2.6892,-0.1219,-0.0438,-0.1922,4.0956,-9.9999,-2.3613,2.2064,0.2678,0.3653,0.7391,-1.0,-1.0,-1.0,-1.0,-1.0,-1.0,-1.0,-1.0,-1.0,7.639519334200855,-1.0,-1.0,8.316198861722173,-1.0,-1.0,-1.0,-1.0,-1.0,-1.0,-1.0,-1.0,-1.0,-1.0,-1.0,-1.0,-1.0,-1.0,-1.0,-1.0,-1.0,-1.0,-1.0,-1.0,-1.0,-1.0,-1.0,-1.0,-1.0,-1.0,-1.0,-1.0,-1.0,-1.0,-1.0,-1.0,-1.0,-1.0,-1.0,-1.0,-1.0,-1.0,-1.0,-1.0,-1.0,-1.0,-1.0,-1.0,-1.0,-1.0,-1.0,-1.0,-1.0,-1.0,5.992490261145079,-1.5114432220527223,2.307514024042117
56,0.112,0.027828143306310005,-0.09127755754108852,1.3582729568592067,5.992490261145079,-1.5114432220527223,1.2284140240421169,0.05591862360523568,0.1349,0.0325,0.9666,0.9778,0.0587,0.1871,-0.0733,0.0185,-0.748,-0.194,0.0472,0.1296,0.0494,-0.1942,-1.1999,-0.0008,0.9048,0.1103,0.0352,0.6574,-0.1845,-0.0842,0.0343,0.1985,-0.0035,-0.0136,-0.0131,0.4113,-0.6625,-0.2955,-0.0164,0.02,0.0453,0.0722,-0.3889,0.3582,-1.1227,1.5703,2.4789,-0.4952,-0.9222,-5.4841,-1.491,1.4712,3.5835,0.8966,0.3314,-8.7559,-1.6989,8.73,1.8678,0.0973,4.4439,-0.0557,1.7503,0.6936,2.6171,-0.1238,-0.0589,-0.2142,3.9605,-9.9262,-2.1188,2.2976,0.2842,0.3546,0.729,-1.0,-1.0,-1.0,-1.0,-1.0,-1.0,-1.0,-1.0,-1.0,8.076748617187496,-1.0,-1.0,8.99941348381821,-1.0,-1.0,7.005989729913651,-1.0,-1.0,-1.0,-1.0,-1.0,-1.0,-1.0,-1.0,-1.0,-1.0,-1.0,-1.0,-1.0,-1.0,-1.0,-1.0,-1.0,-1.0,-1.0,-1.0,-1.0,-1.0,-1.0,-1.0,-1.0,-1.0,-1.0,-1.0,-1.0,-1.0,-1.0,-1.0,-1.0,-1.0,-1.0,-1.0,-1.0,-1.0,-1.0,-1.0,-1.0,-1.0,-1.0,-1.0,-1.0,-1.0,-1.0,5.992490261145079,-1.5114432220527223,2.307514024042117
57,0.114,0.03981312382860014,-0.09430044398519397,1.3607101649072908,5.992490261145079,-1.5114432220527223,1.2087940240421169,0.05591862360523568,0.1341,0.0332,0.9643,0.9773,0.0604,0.1893,-0.0738,0.0166,-0.7586,-0.197,0.0505,0.1373,0.0513,-0.1934,-1.2166,-0.0046,0.922,0.114,0.0354,0.6658,-0.1845,-0.0805,0.0357,0.2036,-0.0038,-0.0137,-0.0136,0.4189,-0.6821,-0.2993,-0.0116,0.0206,0.046,0.0736,-0.3729,0.3488,-1.1273,1.5665,2.3605,-0.3734,-0.944,-5.3012,-1.4926,1.6457,3.8293,0.9873,0.3932,-8.3577,-1.8827,8.6166,1.8263,0.1017,4.199,0.016,1.8241,0.7374,2.5521,-0.1255,-0.0726,-0.2335,3.8139,-9.801,-1.9089,2.3734,0.2986,0.3457,0.7201,-1.0,-1.0,-1.0,-1.0,-1.0,-1.0,-1.0,-1.0,-1.0,8.531830587083205,-1.0,-1.0,9.779461921477163,-1.0,-1.0,7.587825218717045,-1.0,-1.0,-1.0,-1.0,-1.0,-1.0,-1.0,-1.0,-1.0,-1.0,-1.0,-1.0,-1.0,-1.0,-1.0,-1.0,-1.0,-1.0,-1.0,-1.0,-1.0,-1.0,-1.0,-1.0,-1.0,-1.0,-1.0,-1.0,-1.0,-1.0,-1.0,-1.0,-1.0,-1.0,-1.0,-1.0,-1.0,-1.0,-1.0,-1.0,-1.0,-1.0,-1.0,-1.0,-1.0,-1.0,-1.0,5.992490261145079,-1.5114432220527223,2.307514024042117
58,0.116,0.051798104350890384,-0.09732333042929942,1.3631081329553751,5.992490261145079,-1.5114432220527223,1.189174024042117,0.05591862360523568,0.1334,0.0339,0.9621,0.9767,0.062,0.1914,-0.0742,0.0147,-0.7688,-0.2,0.054,0.1454,0.0535,-0.1926,-1.2325,-0.0087,0.9391,0.1175,0.0356,0.6737,-0.1843,-0.0768,0.0373,0.2086,-0.0041,-0.0139,-0.0141,0.4263,-0.7014,-0.3027,-0.0068,0.0212,0.0467,0.0751,-0.3569,0.3393,-1.1321,1.5629,2.2464,-0.2482,-0.9551,-5.1082,-1.5084,1.7413,4.0468,1.0709,0.4304,-7.9819,-2.0541,8.5587,1.7884,0.1076,3.9608,0.0834,1.8895,0.7767,2.4943,-0.1268,-0.085,-0.2503,3.6558,-9.6272,-1.7252,2.4376,0.3119,0.3385,0.7123,-1.0,-1.0,-1.0,-1.0,-1.0,-1.0,-1.0,-1.0,-1.0,8.987321916901037,-1.0,-1.0,10.63751538856145,-1.0,-1.0,8.259981650123414,-1.0,-1.0,-1.0,-1.0,-1.0,-1.0,-1.0,-1.0,-1.0,-1.0,-1.0,-1.0,-1.0,-1.0,-1.0,-1.0,-1.0,-1.0,-1.0,-1.0,-1.0,-1.0,-1.0,-1.0,-1.0,-1.0,-1.0,-1.0,-1.0,-1.0,-1.0,-1.0,-1.0,-1.0,-1.0,-1.0,-1.0,-1.0,-1.0,-1.0,-1.0,-1.0,-1.0,-1.0,-1.0,-1.0,-1.0,5.992490261145079,-1.5114432220527223,2.307514024042117
59,0.118,0.06378308487318052,-0.10034621687340486,1.3654668610034595,5.992490261145079,-1.5114432220527223,1.169554024042117,0.05591862360523568,0.1327,0.0345,0.9598,0.9762,0.0637,0.1934,-0.0745,0.0128,-0.7786,-0.2031,0.0576,0.1539,0.0558,-0.1918,-1.248,-0.013,0.9567,0.121,0.0359,0.6811,-0.184,-0.0728,0.0389,0.2135,-0.0043,-0.0141,-0.0146,0.4332,-0.7203,-0.3058,-0.0018,0.0219,0.0474,0.0765,-0.3406,0.33,-1.1409,1.5631,2.135,-0.1058,-0.9739,-4.9217,-1.5394,1.7994,4.2578,1.1458,0.3739,-7.7155,-2.1586,8.7849,1.7556,0.1328,3.694,0.186,1.9566,0.8091,2.4545,-0.1275,-0.0941,-0.2668,3.4872,-9.481,-1.5423,2.4585,0.3188,0.3299,0.705,-1.0,-1.0,-1.0,-1.0,-1.0,-1.0,-1.0,-1.0,-1.0,9.43060739846061,-1.0,-1.0,11.595745648206458,-1.0,-1.0,9.055049481822365,-1.0,-1.0,-1.0,-1.0,-1.0,-1.0,-1.0,-1.0,-1.0,-1.0,-1.0,-1.0,-1.0,-1.0,-1.0,-1.0,-1.0,-1.0,-1.0,-1.0,-1.0,-1.0,-1.0,-1.0,-1.0,-1.0,-1.0,-1.0,-1.0,-1.0,-1.0,-1.0,-1.0,-1.0,-1.0,-1.0,-1.0,-1.0,-1.0,-1.0,-1.0,-1.0,-1.0,-1.0,-1.0,-1.0,-1.0,5.992490261145079,-1.5114432220527223,2.307514024042117
60,0.12,0.07576806539547065,-0.10336910331751031,1.3677863490515436,5.992490261145079,-1.5114432220527223,1.149934024042117,0.05591862360523568,0.1321,0.0352,0.9575,0.9757,0.0653,0.1952,-0.0746,0.0108,-0.7881,-0.2062,0.0612,0.1628,0.0582,-0.1912,-1.2629,-0.0176,0.9747,0.1245,0.0362,0.688,-0.1834,-0.0688,0.0406,0.2183,-0.0046,-0.0143,-0.0152,0.4398,-0.739,-0.3086,0.0031,0.0225,0.048,0.0779,-0.3252,0.3208,-1.1494,1.5616,2.0321,0.0338,-0.9915,-4.7416,-1.572,1.8159,4.4486,1.2127,0.3272,-7.4547,-2.2687,8.9939,1.7231,0.151,3.4371,0.2825,2.0149,0.8414,2.4217,-0.1279,-0.1016,-0.2818,3.3104,-9.3097,-1.3686,2.4766,0.3231,0.3226,0.6986,-1.0,-1.0,-1.0,-1.0,-1.0,-1.0,-1.0,-1.0,-1.0,9.83854259594977,-1.0,-1.0,12.61192651776302,-1.0,-1.0,9.996800105286182,-1.0,-1.0,-1.0,-1.0,-1.0,-1.0,-1.0,-1.0,-1.0,-1.0,-1.0,-1.0,-1.0,-1.0,-1.0,-1.0,-1.0,-1.0,-1.0,-1.0,-1.0,-1.0,-1.0,-1.0,-1.0,-1.0,-1.0,-1.0,-1.0,-1.0,-1.0,-1.0,-1.0,-1.0,-1.0,-1.0,-1.0,-1.0,-1.0,-1.0,-1.0,-1.0,-1.0,-1.0,-1.0,-1.0,-1.0,5.992490261145079,-1.5114432220527223,2.307514024042117
61,0.122,0.08775304591776079,-0.10639198976161574,1.3700665970996277,5.992490261145079,-1.5114432220527223,1.130314024042117,0.05591862360523568,0.1314,0.0358,0.9552,0.9753,0.067,0.197,-0.0746,0.0088,-0.7973,-0.2094,0.0648,0.172,0.0607,-0.1906,-1.2773,-0.0223,0.993,0.1279,0.0365,0.6944,-0.1827,-0.0647,0.0423,0.2231,-0.0048,-0.0145,-0.0158,0.4461,-0.7572,-0.311,0.0081,0.0232,0.0486,0.0792,-0.3109,0.3115,-1.157,1.5577,1.9387,0.167,-1.008,-4.5727,-1.6026,1.8051,4.6183,1.2706,0.3023,-7.1912,-2.3916,9.1555,1.6906,0.1595,3.1942,0.3706,2.0635,0.8746,2.3951,-0.1279,-0.1076,-0.2956,3.126,-9.1171,-1.1993,2.4965,0.3247,0.3166,0.6931,-1.0,-1.0,-1.0,-1.0,-1.0,-1.0,-1.0,-1.0,-1.0,10.20039293508994,-1.0,-1.0,13.69441583842606,-1.0,-1.0,11.136422243452513,-1.0,-1.0,-1.0,-1.0,-1.0,-1.0,-1.0,-1.0,-1.0,-1.0,-1.0,-1.0,-1.0,-1.0,-1.0,-1.0,-1.0,-1.0,-1.0,-1.0,-1.0,-1.0,-1.0,-1.0,-1.0,-1.0,-1.0,-1.0,-1.0,-1.0,-1.0,-1.0,-1.0,-1.0,-1.0,-1.0,-1.0,-1.0,-1.0,-1.0,-1.0,-1.0,-1.0,-1.0,-1.0,-1.0,-1.0,5.992490261145079,-1.5114432220527223,2.307514024042117
62,0.124,0.09973802644005092,-0.10941487620572118,1.372307605147712,5.992490261145079,-1.5114432220527223,1.110694024042117,0.05591862360523568,0.1309,0.0364,0.9528,0.9748,0.0687,0.1987,-0.0745,0.0067,-0.8061,-0.2127,0.0684,0.1816,0.0634,-0.19,-1.2911,-0.0274,1.0115,0.1312,0.0368,0.7003,-0.1818,-0.0605,0.0442,0.2279,-0.0051,-0.0147,-0.0164,0.452,-0.775,-0.313,0.0131,0.0238,0.0493,0.0806,-0.2979,0.3024,-1.1636,1.5506,1.856,0.2904,-1.0237,-4.4201,-1.6279,1.7797,4.7653,1.3187,0.3091,-6.9178,-2.5325,9.2434,1.6579,0.156,2.969,0.4478,2.1018,0.9095,2.3744,-0.1276,-0.112,-0.3083,2.9345,-8.9055,-1.0386,2.522,0.3239,0.3119,0.6884,-1.0,-1.0,-1.0,-1.0,-1.0,-1.0,-1.0,-1.0,-1.0,10.465291774034862,-1.0,-1.0,14.732579533638193,-1.0,-1.0,12.488763589926588,-1.0,-1.0,-1.0,-1.0,-1.0,-1.0,-1.0,-1.0,-1.0,-1.0,-1.0,-1.0,-1.0,-1.0,-1.0,-1.0,-1.0,-1.0,-1.0,-1.0,-1.0,-1.0,-1.0,-1.0,-1.0,-1.0,-1.0,-1.0,-1.0,-1.0,-1.0,-1.0,-1.0,-1.0,-1.0,-1.0,-1.0,-1.0,-1.0,-1.0,-1.0,-1.0,-1.0,-1.0,-1.0,-1.0,-1.0,5.992490261145079,-1.5114432220527223,2.307514024042117
63,0.126,0.11172300696234105,-0.11243776264982663,1.3745093731957965,5.992490261145079,-1.5114432220527223,1.091074024042117,0.05591862360523568,0.1303,0.037,0.9505,0.9744,0.0705,0.2003,-0.0743,0.0046,-0.8146,-0.216,0.0717,0.1914,0.0661,-0.1896,-1.3044,-0.0326,1.0302,0.1344,0.0371,0.7057,-0.1807,-0.0562,0.046,0.2326,-0.0053,-0.015,-0.017,0.4574,-0.7923,-0.3148,0.0182,0.0245,0.0499,0.082,-0.2832,0.2922,-1.1706,1.5414,1.7686,0.4397,-1.0364,-4.2285,-1.6707,1.6755,4.9254,1.3687,0.1963,-6.6491,-2.5869,9.3542,1.6162,0.1582,2.7112,0.5216,2.1364,0.9441,2.3494,-0.127,-0.1173,-0.3162,2.7205,-8.6524,-0.8999,2.5206,0.3182,0.3053,0.6829,-1.0,-1.0,-1.0,-1.0,-1.0,-1.0,-1.0,-1.0,-1.0,10.650800142688897,-1.0,-1.0,15.7101997139791,-1.0,-1.0,14.168890476312594,-1.0,-1.0,-1.0,-1.0,-1.0,-1.0,-1.0,-1.0,-1.0,-1.0,-1.0,-1.0,-1.0,-1.0,-1.0,-1.0,-1.0,-1.0,-1.0,-1.0,-1.0,-1.0,-1.0,-1.0,-1.0,-1.0,-1.0,-1.0,-1.0,-1.0,-1.0,-1.0,-1.0,-1.0,-1.0,-1.0,-1.0,-1.0,-1.0,-1.0,-1.0,-1.0,-1.0,-1.0,-1.0,-1.0,-1.0,5.992490261145079,-1.5114432220527223,2.307514024042117
64,0.128,0.1237079874846313,-0.11546064909393206,1.3766719012438806,5.992490261145079,-1.5114432220527223,1.0714540240421169,0.05591862360523568,0.1297,0.0376,0.9481,0.974,0.0722,0.2017,-0.0739,0.0025,-0.8226,-0.2194,0.0748,0.2016,0.0689,-0.1894,-1.3172,-0.0379,1.0491,0.1376,0.0374,0.7106,-0.1795,-0.0519,0.048,0.2372,-0.0056,-0.0152,-0.0177,0.4624,-0.809,-0.3164,0.0232,0.0251,0.0505,0.0833,-0.2692,0.282,-1.1771,1.5304,1.6877,0.5902,-1.0495,-4.0475,-1.7148,1.5641,5.0663,1.4109,0.0936,-6.3823,-2.651,9.4448,1.5784,0.1608,2.4566,0.5907,2.1627,0.9768,2.3295,-0.1263,-0.1217,-0.3237,2.4926,-8.3723,-0.7773,2.5138,0.3134,0.2998,0.6782,-1.0,-1.0,-1.0,-1.0,-1.0,-1.0,-1.0,-1.0,-1.0,10.71814691257588,-1.0,-1.0,16.473871407486648,-1.0,-1.0,16.248170843856325,-1.0,-1.0,-1.0,-1.0,-1.0,-1.0,-1.0,-1.0,-1.0,-1.0,-1.0,-1.0,-1.0,-1.0,-1.0,-1.0,-1.0,-1.0,-1.0,-1.0,-1.0,-1.0,-1.0,-1.0,-1.0,-1.0,-1.0,-1.0,-1.0,-1.0,-1.0,-1.0,-1.0,-1.0,-1.0,-1.0,-1.0,-1.0,-1.0,-1.0,-1.0,-1.0,-1.0,-1.0,-1.0,-1.0,-1.0,5.992490261145079,-1.5114432220527223,2.307514024042117
65,0.13,0.13569296800692143,-0.1184835355380375,1.378795189291965,5.992490261145079,-1.5114432220527223,1.051834024042117,0.05591862360523568,0.1292,0.0381,0.9458,0.9736,0.074,0.2032,-0.0734,0.0004,-0.8304,-0.223,0.0777,0.2119,0.0718,-0.1894,-1.3294,-0.0434,1.0681,0.1407,0.0378,0.7151,-0.1782,-0.0475,0.05,0.2418,-0.0058,-0.0155,-0.0183,0.4669,-0.8252,-0.3177,0.0282,0.0257,0.0511,0.0847,-0.256,0.272,-1.1829,1.5173,1.614,0.7406,-1.0649,-3.88,-1.7578,1.4526,5.1859,1.4444,0.0115,-6.1123,-2.735,9.4971,1.5458,0.1639,2.2064,0.6531,2.1805,1.0077,2.314,-0.1253,-0.1254,-0.3311,2.2483,-8.0634,-0.6752,2.5033,0.3106,0.2955,0.6741,-1.0,-1.0,-1.0,-1.0,-1.0,-1.0,-1.0,-1.0,-1.0,10.667512025203672,-1.0,-1.0,16.946887089695096,-1.0,-1.0,18.75072518349476,-1.0,-1.0,-1.0,-1.0,-1.0,-1.0,-1.0,-1.0,-1.0,-1.0,-1.0,-1.0,-1.0,-1.0,-1.0,-1.0,-1.0,-1.0,-1.0,-1.0,-1.0,-1.0,-1.0,-1.0,-1.0,-1.0,-1.0,-1.0,-1.0,-1.0,-1.0,-1.0,-1.0,-1.0,-1.0,-1.0,-1.0,-1.0,-1.0,-1.0,-1.0,-1.0,-1.0,-1.0,-1.0,-1.0,-1.0,5.992490261145079,-1.5114432220527223,2.307514024042117
66,0.132,0.14767794852921157,-0.12150642198214295,1.3808792373400491,5.992490261145079,-1.5114432220527223,1.032214024042117,0.05591862360523568,0.1287,0.0386,0.9434,0.9732,0.0757,0.2045,-0.0727,-0.0018,-0.8379,-0.2265,0.0804,0.2225,0.0748,-0.1894,-1.3411,-0.049,1.087,0.1437,0.0381,0.719,-0.1768,-0.0431,0.0521,0.2464,-0.0061,-0.0157,-0.019,0.4709,-0.8407,-0.3189,0.0332,0.0263,0.0516,0.086,-0.2444,0.2626,-1.1881,1.5032,1.5484,0.8892,-1.0856,-3.7301,-1.7979,1.3472,5.2817,1.468,-0.0408,-5.8375,-2.8484,9.4969,1.5195,0.1676,1.9596,0.7079,2.1898,1.0374,2.3015,-0.124,-0.1284,-0.339,1.9886,-7.7585,-0.5738,2.4914,0.3107,0.2925,0.6708,-1.0,-1.0,-1.0,-1.0,-1.0,-1.0,-1.0,-1.0,-1.0,10.497110833758539,-1.0,-1.0,17.01786115369054,-1.0,-1.0,21.792167560718877,-1.0,-1.0,-1.0,-1.0,-1.0,-1.0,-1.0,-1.0,-1.0,-1.0,-1.0,-1.0,-1.0,-1.0,-1.0,-1.0,-1.0,-1.0,-1.0,-1.0,-1.0,-1.0,-1.0,-1.0,-1.0,-1.0,-1.0,-1.0,-1.0,-1.0,-1.0,-1.0,-1.0,-1.0,-1.0,-1.0,-1.0,-1.0,-1.0,-1.0,-1.0,-1.0,-1.0,-1.0,-1.0,-1.0,-1.0,5.992490261145079,-1.5114432220527223,2.307514024042117
67,0.134,0.1596629290515018,-0.1245293084262484,1.3829240453881333,5.992490261145079,-1.5114432220527223,1.012594024042117,0.05591862360523568,0.1283,0.0391,0.941,0.9729,0.0775,0.2058,-0.0719,-0.0038,-0.845,-0.2302,0.0828,0.2333,0.0778,-0.1896,-1.3522,-0.0548,1.106,0.1467,0.0384,0.7225,-0.1753,-0.0387,0.0542,0.251,-0.0063,-0.016,-0.0197,0.4743,-0.8556,-0.3198,0.0381,0.0269,0.0522,0.0874,-0.2336,0.25,-1.1919,1.4768,1.492,0.9706,-1.0302,-3.5545,-1.8306,1.1746,5.4263,1.5105,-0.0699,-5.5642,-2.8626,9.4549,1.4953,0.169,1.7623,0.7683,2.2026,1.0695,2.2866,-0.1226,-0.1289,-0.348,1.7045,-7.4509,-0.4651,2.4389,0.3081,0.2863,0.6673,-1.0,-1.0,-1.0,-1.0,-1.0,-1.0,-1.0,-1.0,-1.0,10.222074839063392,-1.0,6.706872709014006,16.69664256510298,-1.0,-1.0,25.268270929156685,-1.0,-1.0,-1.0,-1.0,-1.0,-1.0,-1.0,-1.0,-1.0,-1.0,-1.0,-1.0,-1.0,-1.0,-1.0,-1.0,-1.0,-1.0,-1.0,-1.0,-1.0,-1.0,-1.0,-1.0,-1.0,-1.0,-1.0,-1.0,-1.0,-1.0,-1.0,-1.0,-1.0,-1.0,-1.0,-1.0,-1.0,-1.0,-1.0,-1.0,-1.0,-1.0,-1.0,-1.0,-1.0,-1.0,-1.0,5.992490261145079,-1.5114432220527223,2.307514024042117
68,0.136,0.17164790957379195,-0.12755219487035385,1.3849296134362175,5.992490261145079,-1.5114432220527223,0.992974024042117,0.05591862360523568,0.1278,0.0396,0.9386,0.9725,0.0792,0.207,-0.0711,-0.0058,-0.8517,-0.2339,0.0848,0.2444,0.0809,-0.1898,-1.3628,-0.0606,1.1248,0.1496,0.0388,0.7256,-0.1736,-0.0343,0.0564,0.2556,-0.0066,-0.0163,-0.0204,0.4771,-0.8699,-0.3205,0.0429,0.0276,0.0528,0.0887,-0.2233,0.2383,-1.1959,1.4515,1.4402,1.0675,-0.9892,-3.3852,-1.8676,0.9971,5.555,1.547,-0.1096,-5.3012,-2.8898,9.4205,1.4713,0.1713,1.5539,0.8257,2.2093,1.0997,2.2765,-0.1212,-0.1297,-0.3559,1.4212,-7.1494,-0.3563,2.3859,0.3059,0.2811,0.6643,-1.0,-1.0,-1.0,-1.0,-1.0,-1.0,-1.0,-1.0,-1.0,9.869971113862942,-1.0,7.179835263379623,16.023357567199266,-1.0,-1.0,29.058487935612742,-1.0,-1.0,-1.0,-1.0,-1.0,-1.0,-1.0,-1.0,-1.0,-1.0,-1.0,-1.0,-1.0,-1.0,-1.0,-1.0,-1.0,-1.0,-1.0,-1.0,-1.0,-1.0,-1.0,-1.0,-1.0,-1.0,-1.0,-1.0,-1.0,-1.0,-1.0,-1.0,-1.0,-1.0,-1.0,-1.0,-1.0,-1.0,-1.0,-1.0,-1.0,-1.0,-1.0,-1.0,-1.0,-1.0,-1.0,5.992490261145079,-1.5114432220527223,2.307514024042117
69,0.138,0.18363289009608208,-0.1305750813144593,1.3868959414843018,5.992490261145079,-1.5114432220527223,0.9733540240421168,0.05591862360523568,0.1274,0.0401,0.9362,0.9722,0.0809,0.2081,-0.0701,-0.0077,-0.8582,-0.2378,0.0864,0.2559,0.0837,-0.1901,-1.3729,-0.0665,1.1436,0.1525,0.0391,0.7282,-0.1719,-0.0299,0.0587,0.2601,-0.0068,-0.0165,-0.0211,0.4794,-0.8836,-0.321,0.0475,0.0282,0.0533,0.09,-0.2139,0.2283,-1.1989,1.4311,1.3945,1.1987,-0.9493,-3.2373,-1.9274,0.8099,5.7383,1.4311,-0.1662,-5.0497,-2.9511,9.3948,1.4472,0.175,1.3174,0.8782,2.2094,1.127,2.2738,-0.1197,-0.1305,-0.3628,1.1409,-6.8558,-0.249,2.3344,0.3045,0.2771,0.6617,-1.0,-1.0,-1.0,-1.0,-1.0,-1.0,-1.0,-1.0,-1.0,9.459286216429623,-1.0,7.7033333240163575,15.10130475874436,-1.0,-1.0,32.4788739000553,-1.0,-1.0,-1.0,-1.0,-1.0,-1.0,-1.0,-1.0,-1.0,-1.0,-1.0,-1.0,-1.0,-1.0,-1.0,-1.0,-1.0,-1.0,-1.0,-1.0,-1.0,-1.0,-1.0,-1.0,-1.0,-1.0,-1.0,-1.0,-1.0,-1.0,-1.0,-1.0,-1.0,-1.0,-1.0,-1.0,-1.0,-1.0,-1.0,-1.0,-1.0,-1.0,-1.0,-1.0,-1.0,-1.0,-1.0,5.992490261145079,-1.5114432220527223,2.307514024042117
70,0.14,0.19561787061837232,-0.13359796775856475,1.388823029532386,5.992490261145079,-1.5114432220527223,0.9537340240421168,0.05591862360523568,0.127,0.0405,0.9338,0.9719,0.0827,0.2092,-0.069,-0.0096,-0.8644,-0.2418,0.0876,0.2677,0.0864,-0.1906,-1.3825,-0.0726,1.1623,0.1554,0.0395,0.7304,-0.17,-0.0255,0.061,0.2647,-0.007,-0.0168,-0.0219,0.4811,-0.8967,-0.3213,0.0521,0.0288,0.0539,0.0913,-0.2047,0.2198,-1.2024,1.4149,1.3511,1.3552,-0.9408,-3.0902,-1.9903,0.62,5.8872,1.3197,-0.2311,-4.8082,-3.0506,9.3816,1.4231,0.1801,1.0616,0.925,2.2059,1.1522,2.2755,-0.1182,-0.1316,-0.3687,0.8635,-6.5689,-0.1423,2.2863,0.304,0.2742,0.6595,-1.0,-1.0,-1.0,-1.0,-1.0,-1.0,-1.0,-1.0,-1.0,9.015530323112952,-1.0,8.283275593670965,14.07161396214419,-1.0,-1.0,34.67381167147996,-1.0,-1.0,-1.0,-1.0,-1.0,-1.0,-1.0,-1.0,-1.0,-1.0,-1.0,-1.0,-1.0,-1.0,-1.0,-1.0,-1.0,-1.0,-1.0,-1.0,-1.0,-1.0,-1.0,-1.0,-1.0,-1.0,-1.0,-1.0,-1.0,-1.0,-1.0,-1.0,-1.0,-1.0,-1.0,-1.0,-1.0,-1.0,-1.0,-1.0,-1.0,-1.0,-1.0,-1.0,-1.0,-1.0,-1.0,5.992490261145079,-1.5114432220527223,2.307514024042117
71,0.142,0.20760285114066246,-0.1366208542026702,1.3907108775804702,5.992490261145079,-1.5114432220527223,0.9341140240421169,0.05591862360523568,0.1266,0.0409,0.9314,0.9716,0.0844,0.2103,-0.0677,-0.0114,-0.8703,-0.2459,0.0886,0.2797,0.0888,-0.1913,-1.3917,-0.0788,1.181,0.1582,0.0399,0.7319,-0.1681,-0.0211,0.0633,0.2692,-0.0073,-0.017,-0.0226,0.4823,-0.9093,-0.3214,0.0565,0.0294,0.0544,0.0927,-0.196,0.2117,-1.2067,1.3962,1.3099,1.5286,-0.9358,-2.9647,-2.0614,0.4744,5.9839,1.2062,-0.3474,-4.5697,-3.1191,9.346,1.4016,0.1863,0.7797,0.9785,2.1791,1.1776,2.2791,-0.1162,-0.1308,-0.3742,0.5707,-6.2873,-0.0317,2.226,0.2967,0.2695,0.6573,-1.0,-1.0,-1.0,-1.0,-1.0,-1.0,-1.0,-1.0,-1.0,8.555710671654335,-1.0,8.919776882860337,12.985210556010186,-1.0,-1.0,34.80096897197547,-1.0,-1.0,-1.0,-1.0,-1.0,-1.0,-1.0,-1.0,-1.0,-1.0,-1.0,-1.0,-1.0,-1.0,-1.0,-1.0,-1.0,-1.0,-1.0,-1.0,-1.0,-1.0,-1.0,-1.0,-1.0,-1.0,-1.0,-1.0,-1.0,-1.0,-1.0,-1.0,-1.0,-1.0,-1.0,-1.0,-1.0,-1.0,-1.0,-1.0,-1.0,-1.0,-1.0,-1.0,-1.0,-1.0,-1.0,5.992490261145079,-1.5114432220527223,2.307514024042117
72,0.144,0.2195878316629526,-0.13964374064677565,1.3925594856285546,5.992490261145079,-1.5114432220527223,0.9144940240421169,0.05591862360523568,0.1262,0.0413,0.929,0.9714,0.0862,0.2113,-0.0662,-0.0133,-0.876,-0.2502,0.0893,0.2918,0.091,-0.1922,-1.4003,-0.0852,1.1997,0.1609,0.0402,0.7329,-0.166,-0.0168,0.0657,0.2738,-0.0075,-0.0173,-0.0234,0.4828,-0.9213,-0.3212,0.0609,0.0299,0.055,0.094,-0.1879,0.2039,-1.2112,1.3765,1.273,1.7014,-0.9336,-2.8478,-2.1308,0.3399,6.0579,1.091,-0.4578,-4.3385,-3.1916,9.307,1.3812,0.1931,0.5009,1.0266,2.1467,1.2003,2.2852,-0.1142,-0.13,-0.3792,0.283,-6.0106,0.0796,2.1615,0.2905,0.2651,0.6553,-1.0,-1.0,-1.0,-1.0,-1.0,-1.0,-1.0,-1.0,-1.0,8.095901919108954,-1.0,9.62249152872139,11.92934623806779,-1.0,-1.0,32.88277450207562,-1.0,-1.0,-1.0,-1.0,-1.0,-1.0,-1.0,-1.0,-1.0,-1.0,-1.0,-1.0,-1.0,-1.0,-1.0,-1.0,-1.0,-1.0,-1.0,-1.0,-1.0,-1.0,-1.0,-1.0,-1.0,-1.0,-1.0,-1.0,-1.0,-1.0,-1.0,-1.0,-1.0,-1.0,-1.0,-1.0,-1.0,-1.0,-1.0,-1.0,-1.0,-1.0,-1.0,-1.0,-1.0,-1.0,-1.0,5.992490261145079,-1.5114432220527223,2.307514024042117
73,0.146,0.23157281218524273,-0.1426666270908811,1.3943688536766388,5.992490261145079,-1.5114432220527223,0.8948740240421167,0.05591862360523568,0.1259,0.0417,0.9266,0.9711,0.088,0.2122,-0.0646,-0.0152,-0.8815,-0.2546,0.0897,0.304,0.0929,-0.1933,-1.4086,-0.0917,1.2182,0.1637,0.0406,0.7334,-0.1639,-0.0126,0.0682,0.2784,-0.0077,-0.0176,-0.0241,0.4828,-0.9328,-0.3208,0.0651,0.0305,0.0555,0.0953,-0.1806,0.1964,-1.2159,1.3562,1.24,1.8738,-0.9343,-2.7393,-2.1985,0.216,6.1102,0.974,-0.5558,-4.1141,-3.2756,9.2656,1.3618,0.2003,0.2254,1.0676,2.1099,1.2202,2.2934,-0.1121,-0.1291,-0.3839,0.0011,-5.7387,0.1914,2.0934,0.2862,0.2612,0.6535,-1.0,-1.0,-1.0,-1.0,-1.0,-1.0,-1.0,-1.0,-1.0,7.648249564827325,-1.0,10.378566262235216,10.940181968919559,-1.0,-1.0,29.576076950127753,-1.0,-1.0,-1.0,-1.0,-1.0,-1.0,-1.0,-1.0,-1.0,-1.0,-1.0,-1.0,-1.0,-1.0,-1.0,-1.0,-1.0,-1.0,-1.0,-1.0,-1.0,-1.0,-1.0,-1.0,-1.0,-1.0,-1.0,-1.0,-1.0,-1.0,-1.0,-1.0,-1.0,-1.0,-1.0,-1.0,-1.0,-1.0,-1.0,-1.0,-1.0,-1.0,-1.0,-1.0,-1.0,-1.0,-1.0,5.992490261145079,-1.5114432220527223,2.307514024042117
74,0.148,0.24355779270753275,-0.1456895135349865,1.396138981724723,5.992490261145079,-1.5114432220527223,0.8752540240421169,0.05591862360523568,0.1255,0.0421,0.9241,0.9709,0.0898,0.2131,-0.0627,-0.0171,-0.8868,-0.2591,0.0899,0.3163,0.0946,-0.1946,-1.4164,-0.0985,1.2366,0.1664,0.0411,0.7333,-0.1617,-0.0085,0.0707,0.283,-0.0079,-0.0178,-0.0249,0.4823,-0.9438,-0.3202,0.0691,0.0311,0.056,0.0966,-0.174,0.1893,-1.2208,1.3356,1.2107,2.0458,-0.9388,-2.6388,-2.2648,0.1026,6.1434,0.8556,-0.6364,-3.896,-3.3776,9.2224,1.3433,0.2081,-0.0468,1.0998,2.0702,1.2372,2.3031,-0.11,-0.1281,-0.3882,-0.2744,-5.4716,0.3036,2.022,0.2843,0.2578,0.6519,-1.0,-1.0,-1.0,-1.0,-1.0,-1.0,-1.0,-1.0,-1.0,7.213484192509501,-1.0,11.177260908534777,10.025275552558403,-1.0,-1.0,25.74070495037727,-1.0,-1.0,-1.0,-1.0,-1.0,-1.0,-1.0,-1.0,-1.0,-1.0,-1.0,-1.0,-1.0,-1.0,-1.0,-1.0,-1.0,-1.0,-1.0,-1.0,-1.0,-1.0,-1.0,-1.0,-1.0,-1.0,-1.0,-1.0,-1.0,-1.0,-1.0,-1.0,-1.0,-1.0,-1.0,-1.0,-1.0,-1.0,-1.0,-1.0,-1.0,-1.0,-1.0,-1.0,-1.0,-1.0,-1.0,5.992490261145079,-1.5114432220527223,2.307514024042117
75,0.15,0.255542773229823,-0.14871239997909194,1.3978698697728071,5.992490261145079,-1.5114432220527223,0.855634024042117,0.05591862360523568,0.1252,0.0425,0.9217,0.9706,0.0917,0.214,-0.0608,-0.0189,-0.8919,-0.2638,0.0899,0.3287,0.0962,-0.1961,-1.4237,-0.1053,1.2549,0.169,0.0415,0.7327,-0.1594,-0.0044,0.0732,0.2876,-0.0082,-0.0181,-0.0257,0.4812,-0.9542,-0.3194,0.073,0.0317,0.0565,0.0979,-0.1682,0.1818,-1.2258,1.3126,1.1897,2.2094,-0.93,-2.5459,-2.3345,-0.0081,6.183,0.7815,-0.7796,-3.6991,-3.4,9.1533,1.3292,0.2153,-0.305,1.1306,2.0148,1.2522,2.3226,-0.1073,-0.124,-0.392,-0.5316,-5.2079,0.4135,1.9313,0.2824,0.253,0.6498,-1.0,-1.0,-1.0,-1.0,-1.0,-1.0,-1.0,-1.0,-1.0,6.8086332030065275,-1.0,11.99109257326883,9.215895218902624,-1.0,-1.0,22.172943798236595,-1.0,-1.0,-1.0,-1.0,-1.0,-1.0,-1.0,-1.0,-1.0,-1.0,-1.0,-1.0,-1.0,-1.0,-1.0,-1.0,-1.0,-1.0,-1.0,-1.0,-1.0,-1.0,-1.0,-1.0,-1.0,-1.0,-1.0,-1.0,-1.0,-1.0,-1.0,-1.0,-1.0,-1.0,-1.0,-1.0,-1.0,-1.0,-1.0,-1.0,-1.0,-1.0,-1.0,-1.0,-1.0,-1.0,-1.0,5.992490261145079,-1.5114432220527223,2.307514024042117
76,0.152,0.26752775375211313,-0.1517352864231974,1.3995615178208916,5.992490261145079,-1.5114432220527223,0.836014024042117,0.05591862360523568,0.1249,0.0428,0.9192,0.9704,0.0935,0.2149,-0.0586,-0.0208,-0.8968,-0.2686,0.0897,0.3411,0.0976,-0.198,-1.4308,-0.1121,1.2731,0.1716,0.0419,0.7316,-0.1571,-0.0005,0.0757,0.2923,-0.0084,-0.0183,-0.0265,0.4797,-0.9641,-0.3184,0.0766,0.0322,0.057,0.0992,-0.1632,0.1747,-1.231,1.2893,1.1735,2.3695,-0.9254,-2.4619,-2.4003,-0.1114,6.2036,0.7082,-0.911,-3.5109,-3.4292,9.0774,1.3167,0.2231,-0.5581,1.1582,1.9547,1.2647,2.3436,-0.1046,-0.1204,-0.3954,-0.7807,-4.9497,0.5233,1.8375,0.2808,0.2485,0.6479,-1.0,-1.0,-1.0,-1.0,-1.0,-1.0,-1.0,-1.0,-1.0,-1.0,-1.0,12.770342353124555,8.491295822773637,-1.0,-1.0,19.054112657075937,-1.0,-1.0,-1.0,-1.0,-1.0,-1.0,-1.0,-1.0,-1.0,-1.0,-1.0,-1.0,-1.0,-1.0,-1.0,-1.0,-1.0,-1.0,-1.0,-1.0,-1.0,-1.0,-1.0,-1.0,-1.0,-1.0,-1.0,-1.0,-1.0,-1.0,-1.0,-1.0,-1.0,-1.0,-1.0,-1.0,-1.0,-1.0,-1.0,-1.0,-1.0,-1.0,-1.0,-1.0,-1.0,-1.0,-1.0,5.992490261145079,-1.5114432220527223,2.307514024042117
77,0.154,0.27951273427440326,-0.15475817286730284,1.4012139258689755,5.992490261145079,-1.5114432220527223,0.816394024042117,0.05591862360523568,0.1245,0.0431,0.9167,0.9702,0.0953,0.2157,-0.0564,-0.0226,-0.9016,-0.2735,0.0893,0.3535,0.0988,-0.2,-1.4374,-0.1191,1.2911,0.1743,0.0424,0.7299,-0.1547,0.0032,0.0782,0.2971,-0.0086,-0.0185,-0.0273,0.4776,-0.9735,-0.3171,0.0801,0.0328,0.0575,0.1005,-0.159,0.1681,-1.2364,1.2668,1.1612,2.5242,-0.9334,-2.3864,-2.4551,-0.2113,6.1973,0.6103,-1.026,-3.3315,-3.4699,8.9955,1.3058,0.2315,-0.8048,1.1836,1.8902,1.2746,2.3656,-0.1021,-0.1174,-0.3985,-1.0227,-4.6976,0.6328,1.7413,0.2796,0.2443,0.6463,-1.0,-1.0,-1.0,-1.0,-1.0,-1.0,-1.0,-1.0,-1.0,-1.0,-1.0,13.507187208819145,7.842345376006866,-1.0,-1.0,16.458590390411608,-1.0,-1.0,-1.0,-1.0,-1.0,-1.0,-1.0,-1.0,-1.0,-1.0,-1.0,-1.0,-1.0,-1.0,-1.0,-1.0,-1.0,-1.0,-1.0,-1.0,-1.0,-1.0,-1.0,-1.0,-1.0,-1.0,-1.0,-1.0,-1.0,-1.0,-1.0,-1.0,-1.0,-1.0,-1.0,-1.0,-1.0,-1.0,-1.0,-1.0,-1.0,-1.0,-1.0,-1.0,-1.0,-1.0,-1.0,5.992490261145079,-1.5114432220527223,2.307514024042117
78,0.156,0.2914977147966935,-0.1577810593114083,1.40282709391706,5.992490261145079,-1.5114432220527223,0.7967740240421171,0.05591862360523568,0.1242,0.0435,0.9142,0.9699,0.0972,0.2165,-0.0539,-0.0245,-0.9062,-0.2785,0.0886,0.3658,0.0998,-0.2023,-1.4438,-0.1261,1.3089,0.1769,0.0429,0.7279,-0.1523,0.0069,0.0808,0.3018,-0.0088,-0.0188,-0.0281,0.4751,-0.9824,-0.3156,0.0834,0.0333,0.058,0.1018,-0.1555,0.162,-1.2418,1.2449,1.1531,2.6771,-0.9411,-2.3208,-2.5102,-0.3012,6.1825,0.501,-1.1241,-3.1599,-3.5263,8.908,1.2963,0.2405,-1.0488,1.2076,1.8212,1.2819,2.3882,-0.0996,-0.1152,-0.4012,-1.2579,-4.451,0.7421,1.6439,0.2786,0.2404,0.6447,-1.0,-1.0,-1.0,-1.0,-1.0,-1.0,-1.0,-1.0,-1.0,-1.0,-1.0,14.075501591348132,7.270506284897316,-1.0,-1.0,14.338795168156656,-1.0,-1.0,-1.0,-1.0,-1.0,-1.0,-1.0,-1.0,-1.0,-1.0,-1.0,-1.0,-1.0,-1.0,-1.0,-1.0,-1.0,-1.0,-1.0,-1.0,-1.0,-1.0,-1.0,-1.0,-1.0,-1.0,-1.0,-1.0,-1.0,-1.0,-1.0,-1.0,-1.0,-1.0,-1.0,-1.0,-1.0,-1.0,-1.0,-1.0,-1.0,-1.0,-1.0,-1.0,-1.0,-1.0,-1.0,5.992490261145079,-1.5114432220527223,2.307514024042117
79,0.158,0.30348269531898364,-0.16080394575551374,1.404401021965144,5.992490261145079,-1.5114432220527223,0.7771540240421169,0.05591862360523568,0.1239,0.0438,0.9118,0.9697,0.0991,0.2173,-0.0512,-0.0265,-0.9109,-0.284,0.0879,0.3761,0.1009,-0.2049,-1.4499,-0.1335,1.3264,0.1794,0.0434,0.7249,-0.1498,0.0103,0.0833,0.3068,-0.009,-0.019,-0.0289,0.4722,-0.9909,-0.314,0.0864,0.0339,0.0584,0.103,-0.1671,0.1666,-1.2197,1.2837,1.2203,3.004,-0.9741,-2.3287,-2.7383,-0.3824,5.1602,0.543,-1.3175,-3.0669,-3.6996,8.7339,1.2955,0.2486,-1.454,1.241,1.7097,1.2708,2.4779,-0.097,-0.1087,-0.4045,-1.4703,-4.2612,0.8187,1.5176,0.2772,0.2343,0.6424,-1.0,-1.0,-1.0,-1.0,-1.0,-1.0,-1.0,-1.0,-1.0,-1.0,-1.0,14.469478900094243,6.767754795125432,-1.0,-1.0,12.632870569454582,-1.0,-1.0,-1.0,-1.0,-1.0,-1.0,-1.0,-1.0,-1.0,-1.0,-1.0,-1.0,-1.0,-1.0,-1.0,-1.0,-1.0,-1.0,-1.0,-1.0,-1.0,-1.0,-1.0,-1.0,-1.0,-1.0,-1.0,-1.0,-1.0,-1.0,-1.0,-1.0,-1.0,-1.0,-1.0,-1.0,-1.0,-1.0,-1.0,-1.0,-1.0,-1.0,-1.0,-1.0,-1.0,-1.0,-1.0,5.992490261145079,-1.5114432220527223,2.307514024042117
80,0.16,0.3154676758412738,-0.1638268321996192,1.4059357100132284,5.992490261145079,-1.5114432220527223,0.7575340240421169,0.05591862360523568,0.1235,0.0441,0.9094,0.9695,0.1012,0.2181,-0.0481,-0.0285,-0.9156,-0.2898,0.087,0.3848,0.1021,-0.2079,-1.4558,-0.1412,1.3435,0.182,0.0439,0.7213,-0.1473,0.0135,0.0859,0.3119,-0.0092,-0.0192,-0.0297,0.4688,-0.999,-0.3122,0.0892,0.0344,0.0589,0.1043,-0.1782,0.1704,-1.2004,1.3176,1.2836,3.2941,-1.0359,-2.341,-2.9153,-0.4599,4.3146,0.5829,-1.4886,-2.9804,-3.8522,8.5578,1.2966,0.257,-1.8198,1.2683,1.5967,1.2588,2.5579,-0.0944,-0.1029,-0.4075,-1.674,-4.0719,0.8969,1.3929,0.2763,0.2286,0.6403,-1.0,-1.0,-1.0,-1.0,-1.0,-1.0,-1.0,-1.0,-1.0,-1.0,-1.0,14.618698062289964,-1.0,-1.0,-1.0,11.228191568961389,-1.0,-1.0,-1.0,-1.0,-1.0,-1.0,-1.0,-1.0,-1.0,-1.0,-1.0,-1.0,-1.0,-1.0,-1.0,-1.0,-1.0,-1.0,-1.0,-1.0,-1.0,-1.0,-1.0,-1.0,-1.0,-1.0,-1.0,-1.0,-1.0,-1.0,-1.0,-1.0,-1.0,-1.0,-1.0,-1.0,-1.0,-1.0,-1.0,-1.0,-1.0,-1.0,-1.0,-1.0,-1.0,-1.0,-1.0,5.992490261145079,-1.5114432220527223,2.307514024042117
81,0.162,0.3274526563635639,-0.16684971864372464,1.4074311580613128,5.992490261145079,-1.5114432220527223,0.7379140240421169,0.05591862360523568,0.1231,0.0445,0.907,0.9692,0.1033,0.219,-0.0449,-0.0306,-0.9203,-0.2959,0.0859,0.392,0.1033,-0.2112,-1.4624,-0.1487,1.3593,0.1815,0.0443,0.7172,-0.1447,0.0164,0.0884,0.3172,-0.0093,-0.0194,-0.0305,0.465,-1.0069,-0.3102,0.0918,0.035,0.0593,0.1056,-0.1993,0.1752,-1.1813,1.3541,1.3615,3.4475,-1.0444,-2.3799,-3.0317,-0.5426,3.6315,0.618,-1.6638,-3.2761,-3.7203,7.9281,-0.2772,0.199,-2.06,1.2824,1.4742,1.2452,2.6313,-0.0919,-0.0976,-0.4102,-1.8906,-3.9135,0.9741,1.2621,0.2759,0.2232,0.6383,-1.0,-1.0,-1.0,-1.0,-1.0,-1.0,-1.0,-1.0,-1.0,-1.0,-1.0,14.476466891842286,-1.0,-1.0,-1.0,10.0669273787331,-1.0,-1.0,-1.0,-1.0,-1.0,-1.0,-1.0,-1.0,-1.0,-1.0,-1.0,-1.0,-1.0,-1.0,-1.0,-1.0,-1.0,-1.0,-1.0,-1.0,-1.0,-1.0,-1.0,-1.0,-1.0,-1.0,-1.0,-1.0,-1.0,-1.0,-1.0,-1.0,-1.0,-1.0,-1.0,-1.0,-1.0,-1.0,-1.0,-1.0,-1.0,-1.0,-1.0,-1.0,-1.0,-1.0,-1.0,5.992490261145079,-1.5114432220527223,2.307514024042117
82,0.164,0.33943763688585415,-0.1698726050878301,1.4088873661093968,5.992490261145079,-1.5114432220527223,0.718294024042117,0.05591862360523568,0.1227,0.0449,0.9047,0.9689,0.1055,0.22,-0.0416,-0.0328,-0.9251,-0.3021,0.0846,0.3982,0.1046,-0.2148,-1.4695,-0.1559,1.3741,0.1784,0.0446,0.7126,-0.1422,0.0191,0.0908,0.3226,-0.0095,-0.0196,-0.0314,0.4608,-1.0144,-0.3081,0.094,0.0355,0.0598,0.1069,-0.2182,0.1792,-1.1652,1.3871,1.4304,3.5979,-1.0856,-2.4153,-3.1199,-0.6221,3.0793,0.6514,-1.8029,-3.5383,-3.6316,7.3992,-1.5454,0.1568,-2.2911,1.2884,1.3487,1.2288,2.6992,-0.0893,-0.0926,-0.4128,-2.0958,-3.751,1.0531,1.1324,0.2761,0.2184,0.6365,-1.0,-1.0,-1.0,-1.0,-1.0,-1.0,-1.0,-1.0,-1.0,-1.0,-1.0,14.095235282001985,-1.0,-1.0,-1.0,9.107807027009898,-1.0,-1.0,-1.0,-1.0,-1.0,-1.0,-1.0,-1.0,-1.0,-1.0,-1.0,-1.0,-1.0,-1.0,-1.0,-1.0,-1.0,-1.0,-1.0,-1.0,-1.0,-1.0,-1.0,-1.0,-1.0,-1.0,-1.0,-1.0,-1.0,-1.0,-1.0,-1.0,-1.0,-1.0,-1.0,-1.0,-1.0,-1.0,-1.0,-1.0,-1.0,-1.0,-1.0,-1.0,-1.0,-1.0,-1.0,5.992490261145079,-1.5114432220527223,2.307514024042117
83,0.166,0.3514226174081443,-0.17289549153193554,1.4103043341574812,5.992490261145079,-1.5114432220527223,0.698674024042117,0.05591862360523568,0.1222,0.0452,0.9024,0.9686,0.1078,0.221,-0.0381,-0.0353,-0.93,-0.3085,0.0832,0.4034,0.1063,-0.219,-1.4771,-0.1629,1.3883,0.1733,0.0448,0.7073,-0.1395,0.0216,0.0932,0.3283,-0.0097,-0.0197,-0.0322,0.4561,-1.0216,-0.3058,0.0959,0.0361,0.0602,0.1081,-0.2323,0.1819,-1.1559,1.4139,1.4894,3.8245,-1.2387,-2.4228,-3.1841,-0.7416,2.6202,0.8598,-2.0951,-3.8108,-3.4918,7.0913,-2.5451,0.11,-2.6721,1.3486,1.2419,1.2088,2.86,-0.0853,-0.0777,-0.4162,-2.3635,-3.6001,1.1568,0.9361,0.2654,0.2087,0.6339,-1.0,-1.0,6.995731063616418,7.066705755452884,-1.0,-1.0,-1.0,-1.0,-1.0,-1.0,-1.0,13.52768324677298,-1.0,-1.0,-1.0,8.297768310129868,-1.0,-1.0,-1.0,-1.0,-1.0,-1.0,-1.0,-1.0,-1.0,-1.0,-1.0,-1.0,-1.0,-1.0,-1.0,-1.0,-1.0,-1.0,-1.0,-1.0,-1.0,-1.0,-1.0,-1.0,-1.0,-1.0,-1.0,-1.0,-1.0,-1.0,-1.0,-1.0,-1.0,-1.0,-1.0,-1.0,-1.0,-1.0,-1.0,-1.0,-1.0,-1.0,-1.0,-1.0,-1.0,-1.0,-1.0,5.992490261145079,-1.5114432220527223,2.307514024042117
84,0.168,0.3634075979304344,-0.17591837797604098,1.4116820622055652,5.992490261145079,-1.5114432220527223,0.6790540240421168,0.05591862360523568,0.1217,0.0456,0.9001,0.9682,0.1101,0.222,-0.0343,-0.038,-0.9348,-0.3149,0.0814,0.4079,0.1085,-0.2237,-1.4852,-0.1697,1.402,0.1667,0.045,0.7013,-0.1367,0.0239,0.0956,0.3343,-0.0099,-0.0199,-0.033,0.4509,-1.0285,-0.3033,0.0974,0.0366,0.0606,0.1094,-0.2443,0.1842,-1.1483,1.437,1.5436,4.0186,-1.378,-2.4193,-3.2321,-0.8727,2.2571,1.0577,-2.3403,-4.0417,-3.3863,6.8184,-3.2946,0.0663,-3.0026,1.4034,1.1357,1.1879,2.9948,-0.0815,-0.0647,-0.4182,-2.5929,-3.444,1.2584,0.7567,0.2594,0.2006,0.6315,-1.0,-1.0,7.55857498373482,7.502302276823977,-1.0,-1.0,-1.0,-1.0,-1.0,-1.0,-1.0,12.81037396100553,-1.0,-1.0,-1.0,7.608121267801129,-1.0,-1.0,-1.0,-1.0,-1.0,-1.0,-1.0,-1.0,-1.0,-1.0,-1.0,-1.0,-1.0,-1.0,-1.0,-1.0,-1.0,-1.0,-1.0,-1.0,-1.0,-1.0,-1.0,-1.0,-1.0,-1.0,-1.0,-1.0,-1.0,-1.0,-1.0,-1.0,-1.0,-1.0,-1.0,-1.0,-1.0,-1.0,-1.0,-1.0,-1.0,-1.0,-1.0,-1.0,-1.0,-1.0,-1.0,5.992490261145079,-1.5114432220527223,2.307514024042117
85,0.17,0.37539257845272456,-0.1789412644201464,1.4130205502536497,5.992490261145079,-1.5114432220527223,0.6594340240421168,0.05591862360523568,0.1212,0.046,0.8978,0.9678,0.1125,0.223,-0.0304,-0.041,-0.9396,-0.3215,0.0794,0.4119,0.1109,-0.2287,-1.4936,-0.1763,1.415,0.1591,0.045,0.6947,-0.1338,0.026,0.0979,0.3405,-0.01,-0.02,-0.0339,0.4454,-1.035,-0.3006,0.0986,0.0371,0.061,0.1107,-0.2549,0.1862,-1.1417,1.4579,1.5945,4.1643,-1.4814,-2.4051,-3.2696,-1.0155,1.9763,1.233,-2.5274,-4.2306,-3.3071,6.5434,-3.8311,0.0262,-3.2574,1.4497,1.0303,1.1666,3.0934,-0.0779,-0.0546,-0.4184,-2.7761,-3.2813,1.3544,0.6006,0.2592,0.1946,0.6293,6.703456995265315,-1.0,8.210282582311523,7.971601828765097,6.878180147261818,-1.0,-1.0,-1.0,-1.0,-1.0,-1.0,12.021953228298534,-1.0,-1.0,-1.0,7.016299759492652,-1.0,-1.0,-1.0,-1.0,-1.0,-1.0,-1.0,-1.0,-1.0,-1.0,-1.0,-1.0,-1.0,-1.0,-1.0,-1.0,-1.0,-1.0,-1.0,-1.0,-1.0,-1.0,-1.0,-1.0,-1.0,-1.0,-1.0,-1.0,-1.0,-1.0,-1.0,-1.0,-1.0,-1.0,-1.0,-1.0,-1.0,-1.0,-1.0,-1.0,-1.0,-1.0,-1.0,-1.0,-1.0,-1.0,-1.0,5.992490261145079,-1.5114432220527223,2.307514024042117
86,0.172,0.3873775589750148,-0.18196415086425188,1.4143197983017337,5.992490261145079,-1.5114432220527223,0.6398140240421168,0.05591862360523568,0.1207,0.0463,0.8955,0.9674,0.1149,0.2241,-0.0265,-0.044,-0.9444,-0.3281,0.077,0.4155,0.1135,-0.234,-1.5024,-0.1828,1.4275,0.1507,0.045,0.6879,-0.1308,0.0278,0.1002,0.3468,-0.0102,-0.0201,-0.0347,0.4396,-1.0412,-0.2977,0.0995,0.0376,0.0614,0.1119,-0.2646,0.188,-1.1349,1.4781,1.6441,4.2516,-1.5213,-2.3839,-3.3055,-1.1681,1.7803,1.2911,-2.6473,-4.3776,-3.2507,6.2348,-4.1853,-0.0103,-3.4174,1.4835,0.926,1.1452,3.1478,-0.0745,-0.0481,-0.4167,-2.9058,-3.1109,1.4406,0.4736,0.2662,0.191,0.6273,7.119023885119522,-1.0,8.967024436760276,8.472713000996821,7.3906537139339425,-1.0,-1.0,-1.0,-1.0,-1.0,-1.0,11.212961656747035,-1.0,-1.0,-1.0,-1.0,-1.0,-1.0,-1.0,-1.0,-1.0,-1.0,-1.0,-1.0,-1.0,-1.0,-1.0,-1.0,-1.0,-1.0,-1.0,-1.0,-1.0,-1.0,-1.0,-1.0,-1.0,-1.0,-1.0,-1.0,-1.0,-1.0,-1.0,-1.0,-1.0,-1.0,-1.0,-1.0,-1.0,-1.0,-1.0,-1.0,-1.0,-1.0,-1.0,-1.0,-1.0,-1.0,-1.0,-1.0,-1.0,-1.0,-1.0,5.992490261145079,-1.5114432220527223,2.307514024042117
87,0.174,0.39936253949730505,-0.1849870373083573,1.415579806349818,5.992490261145079,-1.5114432220527223,0.6201940240421169,0.05591862360523568,0.1202,0.0467,0.8933,0.967,0.1173,0.2252,-0.0225,-0.0473,-0.9497,-0.3345,0.0753,0.4183,0.1162,-0.2391,-1.5112,-0.1894,1.4389,0.1419,0.0449,0.6808,-0.1275,0.03,0.1023,0.3532,-0.0103,-0.0202,-0.0355,0.4336,-1.0471,-0.2947,0.0999,0.0381,0.0616,0.1131,-0.2767,0.1829,-1.1252,1.4579,1.7337,4.2573,-1.6115,-2.6347,-3.201,-0.8857,1.4259,1.3349,-2.5417,-4.4175,-3.2794,5.7133,-4.4073,-0.0341,-3.5312,1.6287,1.0793,1.0466,3.2426,-0.0709,-0.0474,-0.4063,-2.9732,-2.9393,1.5274,0.1915,0.2155,0.1342,0.5974,7.560523511918658,6.67493935667676,9.841244038678322,8.98702436433009,7.961897532557597,-1.0,-1.0,-1.0,-1.0,-1.0,-1.0,10.427747576454923,-1.0,-1.0,-1.0,-1.0,-1.0,-1.0,-1.0,-1.0,-1.0,-1.0,-1.0,-1.0,-1.0,-1.0,-1.0,-1.0,-1.0,-1.0,-1.0,-1.0,-1.0,-1.0,-1.0,-1.0,-1.0,-1.0,-1.0,-1.0,-1.0,-1.0,-1.0,-1.0,-1.0,-1.0,-1.0,-1.0,-1.0,-1.0,-1.0,-1.0,-1.0,-1.0,-1.0,-1.0,-1.0,-1.0,-1.0,-1.0,-1.0,-1.0,-1.0,5.992490261145079,-1.5114432220527223,2.307514024042117
88,0.176,0.41134752001959507,-0.18800992375246278,1.4168005743979024,5.992490261145079,-1.5114432220527223,0.6005740240421167,0.05591862360523568,0.1196,0.0471,0.8911,0.9665,0.1197,0.2264,-0.0185,-0.0507,-0.9553,-0.3406,0.0738,0.4207,0.1189,-0.2439,-1.5202,-0.196,1.4495,0.1328,0.0448,0.6736,-0.124,0.0324,0.1042,0.3599,-0.0104,-0.0202,-0.0363,0.4276,-1.0527,-0.2914,0.0998,0.0384,0.0618,0.1142,-0.2879,0.1774,-1.1151,1.4366,1.8254,4.2539,-1.724,-2.8205,-3.069,-0.7427,1.1814,1.3649,-2.4124,-4.4627,-3.3256,5.2769,-4.5478,-0.0561,-3.6348,1.7743,1.218,0.9615,3.3261,-0.0676,-0.0465,-0.3972,-3.0278,-2.7675,1.6131,-0.0909,0.1725,0.0861,0.5718,8.036640755418617,7.031836627575383,10.873277909675297,9.520238669260783,8.608897678714357,6.875840402802732,-1.0,-1.0,-1.0,-1.0,-1.0,9.677116945764318,-1.0,-1.0,-1.0,-1.0,-1.0,-1.0,-1.0,-1.0,-1.0,-1.0,-1.0,-1.0,-1.0,-1.0,-1.0,-1.0,-1.0,-1.0,-1.0,-1.0,-1.0,-1.0,-1.0,-1.0,-1.0,-1.0,-1.0,-1.0,-1.0,-1.0,-1.0,-1.0,-1.0,-1.0,-1.0,-1.0,-1.0,-1.0,-1.0,-1.0,-1.0,-1.0,-1.0,-1.0,-1.0,-1.0,-1.0,-1.0,-1.0,-1.0,-1.0,5.992490261145079,-1.5114432220527223,2.307514024042117
89,0.178,0.4233325005418851,-0.19103281019656815,1.4179821024459864,5.992490261145079,-1.5114432220527223,0.5809540240421169,0.05591862360523568,0.119,0.0474,0.8889,0.9659,0.1221,0.2278,-0.0145,-0.0544,-0.9612,-0.3465,0.0723,0.4227,0.1217,-0.2485,-1.5292,-0.2028,1.4593,0.1235,0.0446,0.6661,-0.1202,0.0351,0.106,0.3667,-0.0106,-0.0203,-0.0371,0.4214,-1.0578,-0.288,0.099,0.0387,0.0619,0.1153,-0.2982,0.1716,-1.1041,1.4155,1.9183,4.2352,-1.8487,-2.9403,-2.9142,-0.7354,1.0362,1.3859,-2.2611,-4.5106,-3.3823,4.9038,-4.6225,-0.0769,-3.7195,1.9193,1.3432,0.8878,3.3951,-0.0643,-0.0455,-0.3893,-3.0713,-2.5942,1.697,-0.3712,0.1356,0.0459,0.5499,8.5479832634696,7.4047719174976505,12.09762120985654,10.068736495699952,9.339341877199518,7.0794118876303855,-1.0,-1.0,-1.0,-1.0,-1.0,8.979537892455882,-1.0,-1.0,-1.0,-1.0,-1.0,-1.0,-1.0,-1.0,-1.0,-1.0,-1.0,-1.0,-1.0,-1.0,-1.0,-1.0,-1.0,-1.0,-1.0,-1.0,-1.0,-1.0,-1.0,-1.0,-1.0,-1.0,-1.0,-1.0,-1.0,-1.0,-1.0,-1.0,-1.0,-1.0,-1.0,-1.0,-1.0,-1.0,-1.0,-1.0,-1.0,-1.0,-1.0,-1.0,-1.0,-1.0,-1.0,-1.0,-1.0,-1.0,-1.0,5.992490261145079,-1.5114432220527223,2.307514024042117
90,0.18,0.43531748106417534,-0.19405569664067363,1.4191243904940707,5.992490261145079,-1.5114432220527223,0.561334024042117,0.05591862360523568,0.1184,0.0477,0.8867,0.9653,0.1244,0.2292,-0.0105,-0.0584,-0.9672,-0.3519,0.0706,0.4247,0.1245,-0.2526,-1.5383,-0.2097,1.4685,0.1142,0.0445,0.6586,-0.116,0.038,0.1077,0.3736,-0.0107,-0.0204,-0.0379,0.4152,-1.0627,-0.2845,0.0977,0.0389,0.0619,0.1164,-0.3075,0.1657,-1.0918,1.396,2.0117,4.196,-1.9756,-2.9939,-2.7415,-0.8604,0.9799,1.4022,-2.0893,-4.559,-3.4434,4.5765,-4.6444,-0.0972,-3.7777,2.063,1.4556,0.8234,3.4472,-0.0611,-0.0447,-0.3823,-3.1059,-2.4185,1.7786,-0.6474,0.1036,0.013,0.5312,9.079646797296233,7.782970495690756,13.543434406066064,10.597317480756248,10.156040011148322,7.257094645859065,-1.0,-1.0,-1.0,-1.0,-1.0,8.342566892476084,-1.0,-1.0,-1.0,-1.0,-1.0,-1.0,-1.0,-1.0,-1.0,-1.0,-1.0,-1.0,-1.0,-1.0,-1.0,-1.0,-1.0,-1.0,-1.0,-1.0,-1.0,-1.0,-1.0,-1.0,-1.0,-1.0,-1.0,-1.0,-1.0,-1.0,-1.0,-1.0,-1.0,-1.0,-1.0,-1.0,-1.0,-1.0,-1.0,-1.0,-1.0,-1.0,-1.0,-1.0,-1.0,-1.0,-1.0,-1.0,-1.0,-1.0,-1.0,5.992490261145079,-1.5114432220527223,2.307514024042117
91,0.182,0.4473024615864656,-0.19707858308477905,1.420227438542155,5.992490261145079,-1.5114432220527223,0.541714024042117,0.05591862360523568,0.1177,0.048,0.8845,0.9647,0.1267,0.2307,-0.0066,-0.0626,-0.9735,-0.357,0.0691,0.4263,0.1273,-0.2564,-1.5474,-0.2166,1.4769,0.1048,0.0442,0.6511,-0.1117,0.0412,0.1091,0.3806,-0.0108,-0.0205,-0.0386,0.4091,-1.0671,-0.2808,0.0959,0.039,0.0619,0.1174,-0.3184,0.1561,-1.0757,1.3522,2.1044,4.1101,-2.0998,-3.1689,-2.5128,-0.7459,0.816,1.417,-1.895,-4.5446,-3.4414,4.2353,-4.6978,-0.1238,-3.7531,2.1774,1.5855,0.7333,3.5223,-0.0585,-0.041,-0.3735,-3.0732,-2.2216,1.8545,-0.905,0.0617,-0.0134,0.5104,9.636454676059142,8.169288465429599,15.283304599151244,11.100701934139732,11.081749188180135,7.412114477433004,-1.0,-1.0,-1.0,-1.0,-1.0,7.762277201666135,-1.0,-1.0,-1.0,-1.0,-1.0,-1.0,-1.0,-1.0,-1.0,-1.0,-1.0,-1.0,-1.0,-1.0,-1.0,-1.0,-1.0,-1.0,-1.0,-1.0,-1.0,-1.0,-1.0,-1.0,-1.0,-1.0,-1.0,-1.0,-1.0,-1.0,-1.0,-1.0,-1.0,-1.0,-1.0,-1.0,-1.0,-1.0,-1.0,-1.0,-1.0,-1.0,-1.0,-1.0,-1.0,-1.0,-1.0,-1.0,-1.0,-1.0,-1.0,5.992490261145079,-1.5114432220527223,2.307514024042117
92,0.184,0.4592874421087556,-0.20010146952888452,1.4212912465902392,5.992490261145079,-1.5114432220527223,0.522094024042117,0.05591862360523568,0.1171,0.0483,0.8824,0.9641,0.1289,0.2323,-0.0027,-0.067,-0.9802,-0.3615,0.0677,0.4277,0.1302,-0.2599,-1.5565,-0.2234,1.4848,0.0954,0.0439,0.6436,-0.1071,0.0446,0.1104,0.3878,-0.0109,-0.0206,-0.0393,0.403,-1.0712,-0.2769,0.0936,0.0391,0.0618,0.1184,-0.3289,0.1461,-1.06,1.3066,2.2012,4.02,-2.2267,-3.3252,-2.2755,-0.6795,0.6982,1.4223,-1.713,-4.5369,-3.4215,3.9288,-4.7134,-0.1491,-3.7299,2.2918,1.7176,0.6499,3.5963,-0.056,-0.0376,-0.3655,-3.0329,-2.0288,1.9302,-1.1647,0.0241,-0.039,0.4912,10.18064468723216,8.534834707100424,17.29322000310599,11.529557980131615,12.079382576936617,7.527264244783303,-1.0,-1.0,-1.0,-1.0,-1.0,7.2450530082137385,-1.0,-1.0,-1.0,-1.0,-1.0,-1.0,-1.0,-1.0,-1.0,-1.0,-1.0,-1.0,-1.0,-1.0,-1.0,-1.0,-1.0,-1.0,-1.0,-1.0,-1.0,-1.0,-1.0,-1.0,-1.0,-1.0,-1.0,-1.0,-1.0,-1.0,-1.0,-1.0,-1.0,-1.0,-1.0,-1.0,-1.0,-1.0,-1.0,-1.0,-1.0,-1.0,-1.0,-1.0,-1.0,-1.0,-1.0,-1.0,-1.0,-1.0,-1.0,5.992490261145079,-1.5114432220527223,2.307514024042117
93,0.186,0.47127242263104585,-0.20312435597298995,1.4223158146383235,5.992490261145079,-1.5114432220527223,0.502474024042117,0.05591862360523568,0.1164,0.0486,0.8803,0.9634,0.131,0.234,0.0011,-0.0717,-0.9871,-0.3656,0.0664,0.429,0.133,-0.2629,-1.5655,-0.2302,1.4921,0.086,0.0436,0.6362,-0.1023,0.0483,0.1116,0.3952,-0.011,-0.0207,-0.0401,0.397,-1.0749,-0.2729,0.0907,0.0391,0.0617,0.1194,-0.3392,0.1358,-1.0448,1.2599,2.3018,3.9269,-2.3536,-3.4658,-2.0329,-0.6532,0.6195,1.4188,-1.5422,-4.5365,-3.3865,3.6518,-4.697,-0.173,-3.7099,2.4065,1.8519,0.5724,3.6697,-0.0536,-0.0345,-0.358,-2.9859,-1.841,2.0058,-1.4266,-0.0097,-0.064,0.4733,10.709418262857213,8.878786255342463,19.633492309190416,11.873780503763445,13.161111173145983,7.6050994970944386,-1.0,-1.0,-1.0,-1.0,-1.0,6.776631791819817,-1.0,-1.0,-1.0,-1.0,-1.0,-1.0,-1.0,-1.0,-1.0,-1.0,-1.0,-1.0,-1.0,-1.0,-1.0,-1.0,-1.0,-1.0,-1.0,-1.0,-1.0,-1.0,-1.0,-1.0,-1.0,-1.0,-1.0,-1.0,-1.0,-1.0,-1.0,-1.0,-1.0,-1.0,-1.0,-1.0,-1.0,-1.0,-1.0,-1.0,-1.0,-1.0,-1.0,-1.0,-1.0,-1.0,-1.0,-1.0,-1.0,-1.0,-1.0,5.992490261145079,-1.5114432220527223,2.307514024042117
94,0.188,0.4832574031533361,-0.20614724241709542,1.4233011426864075,5.992490261145079,-1.5114432220527223,0.48285402404211686,0.05591862360523568,0.1157,0.0489,0.8783,0.9626,0.1331,0.2358,0.0048,-0.0767,-0.9943,-0.3691,0.0651,0.4301,0.1358,-0.2657,-1.5746,-0.2369,1.4989,0.0767,0.0432,0.6288,-0.0972,0.0523,0.1126,0.4026,-0.0111,-0.0207,-0.0408,0.3912,-1.0782,-0.2687,0.0873,0.039,0.0615,0.1203,-0.3495,0.1255,-1.0299,1.2142,2.4064,3.8333,-2.4848,-3.5959,-1.7858,-0.6573,0.5675,1.4074,-1.3821,-4.5452,-3.3415,3.399,-4.653,-0.1953,-3.6959,2.5216,1.9879,0.5001,3.744,-0.0513,-0.0317,-0.351,-2.933,-1.6598,2.081,-1.691,-0.0402,-0.0883,0.4567,11.204584683537696,9.19238446886674,22.278936985545478,12.115773920828138,14.306334181279123,7.647291232391353,-1.0,-1.0,-1.0,-1.0,-1.0,-1.0,-1.0,-1.0,-1.0,-1.0,-1.0,-1.0,-1.0,-1.0,-1.0,-1.0,-1.0,-1.0,-1.0,-1.0,-1.0,-1.0,-1.0,-1.0,-1.0,-1.0,-1.0,-1.0,-1.0,-1.0,-1.0,-1.0,-1.0,-1.0,-1.0,-1.0,-1.0,-1.0,-1.0,-1.0,-1.0,-1.0,-1.0,-1.0,-1.0,-1.0,-1.0,-1.0,-1.0,-1.0,-1.0,-1.0,-1.0,-1.0,-1.0,-1.0,-1.0,5.992490261145079,-1.5114432220527223,2.307514024042117
95,0.19,0.4952423836756261,-0.20917012886120084,1.4242472307344918,5.992490261145079,-1.5114432220527223,0.4632340240421169,0.05591862360523568,0.115,0.0491,0.8762,0.9619,0.1351,0.2377,0.0085,-0.0817,-1.0017,-0.3724,0.0638,0.4312,0.1386,-0.2682,-1.5837,-0.2434,1.5052,0.0675,0.0427,0.6214,-0.092,0.0565,0.1134,0.4103,-0.0112,-0.0208,-0.0414,0.3854,-1.0811,-0.2644,0.0835,0.0388,0.0613,0.1212,-0.3567,0.1158,-1.0187,1.1711,2.4943,3.7348,-2.5233,-3.7011,-1.6123,-0.6475,0.5327,1.4032,-1.2644,-4.5475,-3.2617,3.1796,-4.6066,-0.2139,-3.6834,2.6397,2.1157,0.4348,3.8075,-0.0501,-0.0284,-0.346,-2.8914,-1.4789,2.164,-1.9167,-0.0611,-0.102,0.444,11.64459250389253,9.459324474181168,25.140742016158594,12.245649208489635,15.470892403800278,7.652154869918118,-1.0,-1.0,-1.0,-1.0,-1.0,-1.0,-1.0,-1.0,-1.0,-1.0,-1.0,-1.0,-1.0,-1.0,-1.0,-1.0,-1.0,-1.0,-1.0,-1.0,-1.0,-1.0,-1.0,-1.0,-1.0,-1.0,-1.0,-1.0,-1.0,-1.0,-1.0,-1.0,-1.0,-1.0,-1.0,-1.0,-1.0,-1.0,-1.0,-1.0,-1.0,-1.0,-1.0,-1.0,-1.0,-1.0,-1.0,-1.0,-1.0,-1.0,-1.0,-1.0,-1.0,-1.0,-1.0,-1.0,-1.0,5.992490261145079,-1.5114432220527223,2.307514024042117
96,0.192,0.5072273641979164,-0.21219301530530632,1.425154078782576,5.992490261145079,-1.5114432220527223,0.4436140240421169,0.05591862360523568,0.1143,0.0493,0.8742,0.9611,0.137,0.2397,0.012,-0.0868,-1.0093,-0.3753,0.0625,0.4321,0.1413,-0.2706,-1.5928,-0.2498,1.5112,0.0584,0.0423,0.6141,-0.0864,0.061,0.1142,0.418,-0.0113,-0.0208,-0.0421,0.3797,-1.0838,-0.2599,0.0793,0.0387,0.0611,0.122,-0.3646,0.1073,-1.0067,1.1337,2.5866,3.6487,-2.5548,-3.8047,-1.4551,-0.6529,0.4812,1.3468,-1.1626,-4.5605,-3.1857,2.9754,-4.5422,-0.2306,-3.6878,2.7575,2.2387,0.3727,3.8742,-0.0491,-0.025,-0.3417,-2.8477,-1.3077,2.246,-2.1227,-0.0787,-0.1144,0.4326,11.991323654332069,9.663039747232695,27.89229869805165,12.239229971365098,16.5691525691439,7.615964306643109,-1.0,-1.0,-1.0,-1.0,-1.0,-1.0,-1.0,-1.0,-1.0,-1.0,-1.0,-1.0,-1.0,-1.0,-1.0,-1.0,-1.0,-1.0,-1.0,-1.0,-1.0,-1.0,-1.0,-1.0,-1.0,-1.0,-1.0,-1.0,-1.0,-1.0,-1.0,-1.0,-1.0,-1.0,-1.0,-1.0,-1.0,-1.0,-1.0,-1.0,-1.0,-1.0,-1.0,-1.0,-1.0,-1.0,-1.0,-1.0,-1.0,-1.0,-1.0,-1.0,-1.0,-1.0,-1.0,-1.0,-1.0,5.992490261145079,-1.5114432220527223,2.307514024042117
97,0.194,0.5192123447202064,-0.21521590174941174,1.4260216868306603,5.992490261145079,-1.5114432220527223,0.42399402404211695,0.05591862360523568,0.1135,0.0495,0.8722,0.9602,0.1389,0.2418,0.0156,-0.092,-1.0171,-0.3779,0.0612,0.433,0.1439,-0.2727,-1.602,-0.256,1.5168,0.0495,0.0418,0.6067,-0.0807,0.0657,0.1148,0.4259,-0.0114,-0.0209,-0.0428,0.3741,-1.086,-0.2553,0.0746,0.0385,0.0608,0.1229,-0.3721,0.0989,-0.9959,1.0965,2.6792,3.5595,-2.5817,-3.9013,-1.2988,-0.6701,0.4486,1.2979,-1.0673,-4.5792,-3.1014,2.7883,-4.4632,-0.2447,-3.6942,2.8759,2.3602,0.3146,3.9403,-0.0483,-0.0218,-0.3377,-2.8025,-1.1409,2.3291,-2.3106,-0.0934,-0.1254,0.4222,12.235354484286882,9.796703725715199,30.188701079194203,12.115075612236412,17.524748815400827,7.545003684225233,-1.0,-1.0,-1.0,-1.0,-1.0,-1.0,-1.0,-1.0,-1.0,-1.0,-1.0,-1.0,-1.0,-1.0,-1.0,-1.0,-1.0,-1.0,-1.0,-1.0,-1.0,-1.0,-1.0,-1.0,-1.0,-1.0,-1.0,-1.0,-1.0,-1.0,-1.0,-1.0,-1.0,-1.0,-1.0,-1.0,-1.0,-1.0,-1.0,-1.0,-1.0,-1.0,-1.0,-1.0,-1.0,-1.0,-1.0,-1.0,-1.0,-1.0,-1.0,-1.0,-1.0,-1.0,-1.0,-1.0,-1.0,5.992490261145079,-1.5114432220527223,2.307514024042117
98,0.196,0.5311973252424966,-0.21823878819351722,1.4268500548787446,5.992490261145079,-1.5114432220527223,0.404374024042117,0.05591862360523568,0.1128,0.0497,0.8702,0.9593,0.1407,0.244,0.019,-0.0972,-1.0251,-0.3802,0.0598,0.4339,0.1464,-0.2746,-1.6112,-0.262,1.522,0.0407,0.0413,0.5993,-0.0747,0.0707,0.1153,0.4339,-0.0115,-0.0209,-0.0435,0.3686,-1.088,-0.2504,0.0697,0.0383,0.0606,0.1237,-0.3794,0.0905,-0.9861,1.0595,2.7728,3.467,-2.6063,-3.9939,-1.141,-0.6955,0.4323,1.2556,-0.9761,-4.6039,-3.0104,2.6159,-4.3713,-0.2563,-3.7024,2.9952,2.48,0.2602,4.0064,-0.0475,-0.0186,-0.3342,-2.7555,-0.9783,2.4127,-2.4841,-0.1054,-0.1353,0.4126,12.353662377623122,9.84963384398326,31.505857060692097,11.881411954170852,18.217075762912998,7.441572380429151,-1.0,-1.0,-1.0,-1.0,-1.0,-1.0,-1.0,-1.0,-1.0,-1.0,-1.0,-1.0,-1.0,-1.0,-1.0,-1.0,-1.0,-1.0,-1.0,-1.0,-1.0,-1.0,-1.0,-1.0,-1.0,-1.0,-1.0,-1.0,-1.0,-1.0,-1.0,-1.0,-1.0,-1.0,-1.0,-1.0,-1.0,-1.0,-1.0,-1.0,-1.0,-1.0,-1.0,-1.0,-1.0,-1.0,-1.0,-1.0,-1.0,-1.0,-1.0,-1.0,-1.0,-1.0,-1.0,-1.0,-1.0,5.992490261145079,-1.5114432220527223,2.307514024042117
99,0.198,0.5431823057647869,-0.22126167463762264,1.427639182926829,5.992490261145079,-1.5114432220527223,0.3847540240421168,0.05591862360523568,0.112,0.0498,0.8683,0.9584,0.1425,0.2463,0.0224,-0.1024,-1.0332,-0.3822,0.0584,0.4348,0.1489,-0.2765,-1.6205,-0.2678,1.5269,0.0322,0.0408,0.5919,-0.0685,0.0759,0.1158,0.442,-0.0116,-0.0209,-0.0441,0.3631,-1.0896,-0.2454,0.0644,0.0381,0.0603,0.1245,-0.385,0.0825,-0.979,1.0263,2.8535,3.3687,-2.5766,-4.0671,-1.0278,-0.7154,0.4246,1.233,-0.9029,-4.6313,-2.9065,2.4708,-4.2721,-0.264,-3.6968,3.1078,2.594,0.2097,4.0618,-0.0487,-0.0154,-0.3326,-2.7194,-0.8117,2.4977,-2.6192,-0.1104,-0.1442,0.4062,12.348367859661595,9.832105348105136,31.56320718236543,11.555236225067773,18.59924416052423,7.312487782911724,-1.0,-1.0,-1.0,-1.0,-1.0,-1.0,-1.0,-1.0,-1.0,-1.0,-1.0,-1.0,-1.0,-1.0,-1.0,-1.0,-1.0,-1.0,-1.0,-1.0,-1.0,-1.0,-1.0,-1.0,-1.0,-1.0,-1.0,-1.0,-1.0,-1.0,-1.0,-1.0,-1.0,-1.0,-1.0,-1.0,-1.0,-1.0,-1.0,-1.0,-1.0,-1.0,-1.0,-1.0,-1.0,-1.0,-1.0,-1.0,-1.0,-1.0,-1.0,-1.0,-1.0,-1.0,-1.0,-1.0,-1.0,5.992490261145079,-1.5114432220527223,2.307514024042117
100,0.2,0.5551672862870769,-0.22428456108172806,1.428389070974913,5.992490261145079,-1.5114432220527223,0.3651340240421168,0.05591862360523568,0.1112,0.05,0.8663,0.9575,0.1442,0.2486,0.0257,-0.1073,-1.0415,-0.3841,0.0569,0.436,0.1504,-0.2781,-1.6298,-0.2734,1.5316,0.0239,0.0402,0.5845,-0.062,0.0813,0.1161,0.4503,-0.0117,-0.021,-0.0448,0.3578,-1.0909,-0.2403,0.059,0.0378,0.06,0.1253,-0.3905,0.076,-0.9717,0.9974,2.9345,3.2871,-2.4888,-4.1568,-0.9626,-0.7304,0.6358,0.7478,-0.8476,-4.6664,-2.8101,2.338,-4.1627,-0.2686,-3.7081,3.2195,2.7022,0.1609,4.1181,-0.0502,-0.0122,-0.3315,-2.6796,-0.6467,2.5707,-2.7381,-0.1129,-0.1521,0.4006,12.192893853607933,9.722491664817499,30.192210483996234,11.139719114545011,18.542312409542596,7.151159615189149,-1.0,-1.0,-1.0,-1.0,-1.0,-1.0,-1.0,-1.0,-1.0,-1.0,-1.0,-1.0,-1.0,-1.0,-1.0,-1.0,-1.0,-1.0,-1.0,-1.0,-1.0,-1.0,-1.0,-1.0,-1.0,-1.0,-1.0,-1.0,-1.0,-1.0,-1.0,-1.0,-1.0,-1.0,-1.0,-1.0,-1.0,-1.0,-1.0,-1.0,-1.0,-1.0,-1.0,-1.0,-1.0,-1.0,-1.0,-1.0,-1.0,-1.0,-1.0,-1.0,-1.0,-1.0,-1.0,-1.0,-1.0,5.992490261145079,-1.5114432220527223,2.307514024042117
101,0.202,0.5671522668093671,-0.22730744752583354,1.429099719022997,5.992490261145079,-1.5114432220527223,0.34551402404211684,0.05591862360523568,0.1104,0.0501,0.8644,0.9565,0.1458,0.2511,0.029,-0.1122,-1.05,-0.3859,0.0554,0.4377,0.151,-0.2797,-1.6392,-0.2788,1.5361,0.0158,0.0397,0.577,-0.0554,0.0869,0.1163,0.4586,-0.0118,-0.021,-0.0455,0.3525,-1.0919,-0.235,0.0533,0.0376,0.0596,0.1261,-0.3954,0.0697,-0.9661,0.9697,3.0129,3.2015,-2.402,-4.2369,-0.8968,-0.7494,0.8187,0.3307,-0.796,-4.7072,-2.7097,2.2197,-4.0442,-0.2705,-3.7173,3.3302,2.8089,0.1144,4.1728,-0.0519,-0.0089,-0.3308,-2.639,-0.4802,2.6306,-2.8455,-0.1132,-0.1587,0.3959,11.927369432320026,9.540936296244917,27.944218847694778,10.688987705121361,18.098300071338333,6.974280440473879,-1.0,-1.0,-1.0,-1.0,-1.0,-1.0,-1.0,-1.0,-1.0,-1.0,-1.0,-1.0,-1.0,-1.0,-1.0,-1.0,-1.0,-1.0,-1.0,-1.0,-1.0,-1.0,-1.0,-1.0,-1.0,-1.0,-1.0,-1.0,-1.0,-1.0,-1.0,-1.0,-1.0,-1.0,-1.0,-1.0,-1.0,-1.0,-1.0,-1.0,-1.0,-1.0,-1.0,-1.0,-1.0,-1.0,-1.0,-1.0,-1.0,-1.0,-1.0,-1.0,-1.0,-1.0,-1.0,-1.0,-1.0,5.992490261145079,-1.5114432220527223,2.307514024042117
102,0.204,0.5791372473316574,-0.23033033396993896,1.4297711270710816,5.992490261145079,-1.5114432220527223,0.32589402404211687,0.05591862360523568,0.1096,0.0503,0.8625,0.9555,0.1474,0.2536,0.0322,-0.1168,-1.0586,-0.3875,0.0538,0.4395,0.1506,-0.2812,-1.6487,-0.284,1.5403,0.008,0.0391,0.5696,-0.0485,0.0927,0.1164,0.4671,-0.0119,-0.021,-0.0461,0.3473,-1.0925,-0.2297,0.0474,0.0374,0.0593,0.1269,-0.3992,0.0637,-0.9633,0.944,3.0854,3.1014,-2.3376,-4.3036,-0.7949,-0.7783,0.9306,-0.2052,-0.7414,-4.7537,-2.6031,2.1174,-3.9171,-0.2697,-3.7153,3.4415,2.9159,0.0703,4.2255,-0.0538,-0.0057,-0.3304,-2.5988,-0.3124,2.6804,-2.9458,-0.1116,-0.164,0.392,11.557503180025073,9.296491480224972,25.199176608531193,10.200886992094077,17.328115778497487,6.779948493969437,-1.0,-1.0,-1.0,-1.0,-1.0,-1.0,-1.0,-1.0,-1.0,-1.0,-1.0,-1.0,-1.0,-1.0,-1.0,-1.0,-1.0,-1.0,-1.0,-1.0,-1.0,-1.0,-1.0,-1.0,-1.0,-1.0,-1.0,-1.0,-1.0,-1.0,-1.0,-1.0,-1.0,-1.0,-1.0,-1.0,-1.0,-1.0,-1.0,-1.0,-1.0,-1.0,-1.0,-1.0,-1.0,-1.0,-1.0,-1.0,-1.0,-1.0,-1.0,-1.0,-1.0,-1.0,-1.0,-1.0,-1.0,5.992490261145079,-1.5114432220527223,2.307514024042117
103,0.206,0.5911222278539474,-0.23335322041404444,1.4304032951191659,5.992490261145079,-1.5114432220527223,0.3062740240421169,0.05591862360523568,0.1088,0.0504,0.8606,0.9544,0.1489,0.2562,0.0353,-0.1213,-1.0674,-0.389,0.0523,0.4415,0.1492,-0.2826,-1.6583,-0.289,1.5444,0.0004,0.0386,0.5622,-0.0414,0.0988,0.1165,0.4756,-0.012,-0.021,-0.0468,0.3422,-1.0928,-0.2242,0.0413,0.0372,0.059,0.1277,-0.4019,0.0574,-0.9632,0.916,3.1484,3.0093,-2.2354,-4.3652,-0.7296,-0.7736,1.0012,-0.6967,-0.7035,-4.802,-2.4911,2.0421,-3.7848,-0.2679,-3.7142,3.5458,3.0173,0.0309,4.2659,-0.059,-0.0029,-0.332,-2.549,-0.1389,2.7244,-3.0307,-0.1037,-0.1682,0.3908,11.126458261948034,9.010116911916768,22.460592589836672,9.7112438053185,16.36053986411889,-1.0,-1.0,-1.0,-1.0,-1.0,-1.0,-1.0,-1.0,-1.0,-1.0,-1.0,-1.0,-1.0,-1.0,-1.0,-1.0,-1.0,-1.0,-1.0,-1.0,-1.0,-1.0,-1.0,-1.0,-1.0,-1.0,-1.0,-1.0,-1.0,-1.0,-1.0,-1.0,-1.0,-1.0,-1.0,-1.0,-1.0,-1.0,-1.0,-1.0,-1.0,-1.0,-1.0,-1.0,-1.0,-1.0,-1.0,-1.0,-1.0,-1.0,-1.0,-1.0,-1.0,-1.0,-1.0,-1.0,-1.0,-1.0,5.992490261145079,-1.5114432220527223,2.307514024042117
104,0.208,0.6031072083762377,-0.23637610685814986,1.43099622316725,5.992490261145079,-1.5114432220527223,0.2866540240421167,0.05591862360523568,0.108,0.0505,0.8586,0.9534,0.1504,0.2589,0.0383,-0.1255,-1.0762,-0.3903,0.0508,0.4436,0.1469,-0.284,-1.668,-0.2938,1.5483,-0.0069,0.0381,0.5547,-0.0341,0.105,0.1165,0.4842,-0.0122,-0.021,-0.0475,0.3372,-1.0927,-0.2187,0.0351,0.037,0.0586,0.1284,-0.4042,0.0511,-0.9644,0.8882,3.2092,2.9226,-2.1201,-4.4175,-0.68,-0.769,1.0408,-1.1507,-0.673,-4.8548,-2.38,1.9798,-3.6459,-0.2639,-3.7185,3.6481,3.1161,-0.0068,4.3038,-0.0647,-0.0001,-0.3341,-2.496,0.0368,2.7596,-3.1075,-0.0936,-0.1718,0.3904,10.657544465029202,8.694532024938416,19.93328682593023,9.23032800123023,15.291505975990429,-1.0,-1.0,-1.0,-1.0,-1.0,-1.0,-1.0,-1.0,-1.0,-1.0,-1.0,-1.0,-1.0,-1.0,-1.0,-1.0,-1.0,-1.0,-1.0,-1.0,-1.0,-1.0,-1.0,-1.0,-1.0,-1.0,-1.0,-1.0,-1.0,-1.0,-1.0,-1.0,-1.0,-1.0,-1.0,-1.0,-1.0,-1.0,-1.0,-1.0,-1.0,-1.0,-1.0,-1.0,-1.0,-1.0,-1.0,-1.0,-1.0,-1.0,-1.0,-1.0,-1.0,-1.0,-1.0,-1.0,-1.0,-1.0,5.992490261145079,-1.5114432220527223,2.307514024042117
105,0.21,0.6150921888985279,-0.23939899330225534,1.4315499112153343,5.992490261145079,-1.5114432220527223,0.26703402404211696,0.05591862360523568,0.1072,0.0506,0.8567,0.9523,0.1518,0.2616,0.0413,-0.1295,-1.0851,-0.3916,0.0492,0.4457,0.1438,-0.2853,-1.6779,-0.2983,1.5522,-0.0139,0.0376,0.5473,-0.0266,0.1114,0.1164,0.4929,-0.0123,-0.021,-0.0481,0.3323,-1.0923,-0.2131,0.0287,0.0368,0.0583,0.1292,-0.4062,0.0448,-0.9667,0.8607,3.2678,2.8421,-1.993,-4.4613,-0.6462,-0.7649,1.0532,-1.5704,-0.6498,-4.9121,-2.2709,1.9295,-3.501,-0.2577,-3.7294,3.7488,3.2123,-0.0433,4.3397,-0.0708,0.0026,-0.3365,-2.4401,0.2141,2.788,-3.1775,-0.0815,-0.1747,0.3906,10.145505396768801,8.348424013334498,17.643367948781147,8.75033522235919,14.160423946705516,-1.0,-1.0,-1.0,-1.0,-1.0,-1.0,-1.0,-1.0,-1.0,-1.0,-1.0,-1.0,-1.0,-1.0,-1.0,-1.0,-1.0,-1.0,-1.0,-1.0,-1.0,-1.0,-1.0,-1.0,-1.0,-1.0,-1.0,-1.0,-1.0,-1.0,-1.0,-1.0,-1.0,-1.0,-1.0,-1.0,-1.0,-1.0,-1.0,-1.0,-1.0,-1.0,-1.0,-1.0,-1.0,-1.0,-1.0,-1.0,-1.0,-1.0,-1.0,-1.0,-1.0,-1.0,-1.0,-1.0,-1.0,-1.0,5.992490261145079,-1.5114432220527223,2.307514024042117
106,0.212,0.6270771694208179,-0.2424218797463607,1.4320643592634184,5.992490261145079,-1.5114432220527223,0.2474140240421172,0.05591862360523568,0.1064,0.0507,0.8548,0.9511,0.1532,0.2644,0.0442,-0.1332,-1.0942,-0.393,0.0477,0.448,0.1405,-0.2866,-1.6878,-0.3027,1.556,-0.0206,0.0371,0.5397,-0.0189,0.118,0.1163,0.5016,-0.0125,-0.021,-0.0488,0.3276,-1.0915,-0.2075,0.0223,0.0367,0.0579,0.13,-0.409,0.0388,-0.9685,0.8362,3.3287,2.782,-1.8601,-4.5218,-0.6581,-0.7509,1.1546,-1.6241,-0.6398,-4.977,-2.174,1.8862,-3.3505,-0.2502,-3.7606,3.8458,3.3032,-0.0797,4.3765,-0.0772,-0.0001,-0.3393,-2.3811,0.3894,2.8098,-3.2426,-0.0675,-0.1771,0.3913,9.639231478429707,7.999123388870561,15.702433173973043,8.298861832471028,13.079231027726845,-1.0,-1.0,-1.0,-1.0,-1.0,-1.0,-1.0,-1.0,-1.0,-1.0,-1.0,-1.0,-1.0,-1.0,-1.0,-1.0,-1.0,-1.0,-1.0,-1.0,-1.0,-1.0,-1.0,-1.0,-1.0,-1.0,-1.0,-1.0,-1.0,-1.0,-1.0,-1.0,-1.0,-1.0,-1.0,-1.0,-1.0,-1.0,-1.0,-1.0,-1.0,-1.0,-1.0,-1.0,-1.0,-1.0,-1.0,-1.0,-1.0,-1.0,-1.0,-1.0,-1.0,-1.0,-1.0,-1.0,-1.0,-1.0,5.992490261145079,-1.5114432220527223,2.307514024042117
107,0.214,0.639062149943108,-0.24544476619046618,1.4325395673115027,5.992490261145079,-1.5114432220527223,0.22779402404211702,0.05591862360523568,0.1055,0.0507,0.8528,0.95,0.1545,0.2672,0.0471,-0.1368,-1.1034,-0.3941,0.0462,0.4506,0.1372,-0.2876,-1.6978,-0.3069,1.5596,-0.0272,0.0366,0.5323,-0.0111,0.1247,0.1161,0.5103,-0.0126,-0.021,-0.0495,0.3231,-1.0904,-0.2018,0.0156,0.0367,0.0575,0.1308,-0.4145,0.0312,-0.9657,0.8002,3.4023,2.68,-1.7963,-4.5976,-0.5698,-0.7469,1.2679,-1.6756,-0.5266,-4.9991,-2.1115,1.7992,-3.2732,-0.2416,-3.7284,3.9067,3.3419,-0.0728,4.356,-0.0886,-0.0089,-0.3412,-2.2312,0.5588,2.8299,-3.3433,-0.0022,-0.2115,0.3958,9.12548231425497,7.640872196494184,14.01307019001184,7.859307176839636,12.040588017169364,-1.0,-1.0,-1.0,-1.0,-1.0,-1.0,-1.0,-1.0,-1.0,-1.0,-1.0,-1.0,-1.0,-1.0,-1.0,-1.0,-1.0,-1.0,-1.0,-1.0,-1.0,-1.0,-1.0,-1.0,-1.0,-1.0,-1.0,-1.0,-1.0,-1.0,-1.0,-1.0,-1.0,-1.0,-1.0,-1.0,-1.0,-1.0,-1.0,-1.0,-1.0,-1.0,-1.0,-1.0,-1.0,-1.0,-1.0,-1.0,-1.0,-1.0,-1.0,-1.0,-1.0,-1.0,-1.0,-1.0,-1.0,-1.0,5.992490261145079,-1.5114432220527223,2.307514024042117
108,0.216,0.6510471304653982,-0.2484676526345716,1.4329755353595868,5.992490261145079,-1.5114432220527223,0.20817402404211682,0.05591862360523568,0.1047,0.0508,0.8509,0.9488,0.1558,0.2702,0.0499,-0.1403,-1.1127,-0.395,0.0448,0.4533,0.1338,-0.2884,-1.7079,-0.311,1.563,-0.0335,0.0361,0.5249,-0.0032,0.1315,0.116,0.519,-0.0128,-0.021,-0.0502,0.3189,-1.0889,-0.1962,0.0087,0.0368,0.057,0.1316,-0.4199,0.0235,-0.9638,0.7638,3.4738,2.5751,-1.7353,-4.6739,-0.4777,-0.734,1.3648,-1.7121,-0.4191,-5.026,-2.0414,1.7226,-3.1846,-0.2314,-3.6898,3.9696,3.38,-0.0692,4.3356,-0.1006,-0.0164,-0.344,-2.0836,0.7315,2.8465,-3.4325,0.0585,-0.2401,0.4005,8.639586358241644,7.290369486683661,12.612300753801627,7.458103916249765,11.096397446322005,-1.0,-1.0,-1.0,-1.0,-1.0,-1.0,-1.0,-1.0,-1.0,-1.0,-1.0,-1.0,-1.0,-1.0,-1.0,-1.0,-1.0,-1.0,-1.0,-1.0,-1.0,-1.0,-1.0,-1.0,-1.0,-1.0,-1.0,-1.0,-1.0,-1.0,-1.0,-1.0,-1.0,-1.0,-1.0,-1.0,-1.0,-1.0,-1.0,-1.0,-1.0,-1.0,-1.0,-1.0,-1.0,-1.0,-1.0,-1.0,-1.0,-1.0,-1.0,-1.0,-1.0,-1.0,-1.0,-1.0,-1.0,-1.0,5.992490261145079,-1.5114432220527223,2.307514024042117
109,0.218,0.6630321109876884,-0.2514905390786771,1.433372263407671,5.992490261145079,-1.5114432220527223,0.18855402404211707,0.05591862360523568,0.1038,0.0508,0.849,0.9476,0.157,0.2732,0.0526,-0.1437,-1.1222,-0.3958,0.0433,0.4562,0.1303,-0.2891,-1.718,-0.3149,1.5663,-0.0397,0.0357,0.5176,0.0049,0.1383,0.1158,0.5276,-0.0131,-0.0211,-0.0509,0.315,-1.0871,-0.1904,0.0017,0.037,0.0565,0.1324,-0.4251,0.0154,-0.963,0.7272,3.5432,2.4683,-1.6763,-4.751,-0.3835,-0.7124,1.4478,-1.7355,-0.3171,-5.0575,-1.9655,1.6555,-3.0853,-0.2197,-3.6465,4.0344,3.4174,-0.0685,4.3153,-0.113,-0.0227,-0.3474,-1.9398,0.9075,2.8594,-3.5112,0.1152,-0.2636,0.4057,8.168872731596997,6.948728614858093,11.406143963197021,7.074878047670078,10.235444683620342,-1.0,-1.0,-1.0,-1.0,-1.0,-1.0,-1.0,-1.0,-1.0,-1.0,-1.0,-1.0,-1.0,-1.0,-1.0,-1.0,-1.0,-1.0,-1.0,-1.0,-1.0,-1.0,-1.0,-1.0,-1.0,-1.0,-1.0,-1.0,-1.0,-1.0,-1.0,-1.0,-1.0,-1.0,-1.0,-1.0,-1.0,-1.0,-1.0,-1.0,-1.0,-1.0,-1.0,-1.0,-1.0,-1.0,-1.0,-1.0,-1.0,-1.0,-1.0,-1.0,-1.0,-1.0,-1.0,-1.0,-1.0,-1.0,5.992490261145079,-1.5114432220527223,2.307514024042117
110,0.22,0.6750170915099785,-0.2545134255227825,1.4337297514557554,5.992490261145079,-1.5114432220527223,0.16893402404211688,0.05591862360523568,0.103,0.0508,0.847,0.9464,0.1581,0.2763,0.0552,-0.1469,-1.1319,-0.3964,0.042,0.4592,0.1268,-0.2895,-1.7282,-0.3187,1.5695,-0.0456,0.0353,0.5104,0.0131,0.1452,0.1157,0.5362,-0.0133,-0.0211,-0.0516,0.3114,-1.0849,-0.1847,-0.0055,0.0374,0.0559,0.1332,-0.4301,0.0072,-0.963,0.6903,3.6105,2.3607,-1.6186,-4.8287,-0.2887,-0.6821,1.5189,-1.7477,-0.2205,-5.0934,-1.8853,1.5974,-2.9762,-0.2066,-3.5999,4.1007,3.4542,-0.0702,4.2953,-0.1259,-0.0281,-0.3513,-1.8011,1.0872,2.8684,-3.5805,0.169,-0.2822,0.4111,7.726696817987106,-1.0,10.38426061838127,6.721451700952515,9.460837020839826,-1.0,-1.0,-1.0,-1.0,-1.0,-1.0,-1.0,-1.0,-1.0,-1.0,-1.0,-1.0,-1.0,-1.0,-1.0,-1.0,-1.0,-1.0,-1.0,-1.0,-1.0,-1.0,-1.0,-1.0,-1.0,-1.0,-1.0,-1.0,-1.0,-1.0,-1.0,-1.0,-1.0,-1.0,-1.0,-1.0,-1.0,-1.0,-1.0,-1.0,-1.0,-1.0,-1.0,-1.0,-1.0,-1.0,-1.0,-1.0,-1.0,-1.0,-1.0,-1.0,-1.0,-1.0,-1.0,-1.0,-1.0,-1.0,5.992490261145079,-1.5114432220527223,2.307514024042117
111,0.222,0.6870020720322687,-0.257536311966888,1.4340479995038398,5.992490261145079,-1.5114432220527223,0.1493140240421167,0.05591862360523568,0.1021,0.0508,0.8451,0.9451,0.1591,0.2794,0.0577,-0.15,-1.1417,-0.3968,0.0407,0.4624,0.1233,-0.2898,-1.7384,-0.3222,1.5726,-0.0514,0.0349,0.5034,0.0214,0.1522,0.1156,0.5447,-0.0136,-0.0212,-0.0523,0.3082,-1.0824,-0.179,-0.0127,0.0379,0.0553,0.1341,-0.4342,-0.0017,-0.9642,0.6503,3.6683,2.2378,-1.5313,-4.8987,-0.2063,-0.6374,1.5966,-1.7521,-0.1275,-5.1192,-1.7824,1.5457,-2.8672,-0.1958,-3.5195,4.1579,3.49,-0.0696,4.2525,-0.1452,-0.0348,-0.3572,-1.647,1.2765,2.8716,-3.6289,0.2323,-0.3051,0.4171,7.304528426281967,-1.0,9.496464230132712,-1.0,8.76114615267551,-1.0,-1.0,-1.0,-1.0,-1.0,-1.0,-1.0,-1.0,-1.0,-1.0,-1.0,-1.0,-1.0,-1.0,-1.0,-1.0,-1.0,-1.0,-1.0,-1.0,-1.0,-1.0,-1.0,-1.0,-1.0,-1.0,-1.0,-1.0,-1.0,-1.0,-1.0,-1.0,-1.0,-1.0,-1.0,-1.0,-1.0,-1.0,-1.0,-1.0,-1.0,-1.0,-1.0,-1.0,-1.0,-1.0,-1.0,-1.0,-1.0,-1.0,-1.0,-1.0,-1.0,-1.0,-1.0,-1.0,-1.0,-1.0,5.992490261145079,-1.5114432220527223,2.307514024042117
112,0.224,0.698987052554559,-0.2605591984109934,1.4343270075519237,5.992490261145079,-1.5114432220527223,0.12969402404211694,0.05591862360523568,0.1012,0.0508,0.8432,0.9439,0.1601,0.2826,0.0601,-0.1529,-1.1516,-0.3971,0.0395,0.4658,0.1198,-0.2899,-1.7487,-0.3256,1.5756,-0.0569,0.0345,0.4965,0.0298,0.1592,0.1154,0.5532,-0.0139,-0.0213,-0.053,0.3052,-1.0794,-0.1732,-0.0201,0.0384,0.0547,0.1349,-0.4381,-0.0109,-0.9663,0.6095,3.723,2.116,-1.4474,-4.9654,-0.1229,-0.59,1.6731,-1.7487,-0.0423,-5.1469,-1.6744,1.5025,-2.7507,-0.1841,-3.4362,4.2143,3.5261,-0.0692,4.2063,-0.1652,-0.0414,-0.3637,-1.494,1.4691,2.8738,-3.6695,0.2937,-0.325,0.4233,6.913763168431378,-1.0,8.734835039437241,-1.0,8.140030573270252,-1.0,-1.0,-1.0,-1.0,-1.0,-1.0,-1.0,-1.0,-1.0,-1.0,-1.0,-1.0,-1.0,-1.0,-1.0,-1.0,-1.0,-1.0,-1.0,-1.0,-1.0,-1.0,-1.0,-1.0,-1.0,-1.0,-1.0,-1.0,-1.0,-1.0,-1.0,-1.0,-1.0,-1.0,-1.0,-1.0,-1.0,-1.0,-1.0,-1.0,-1.0,-1.0,-1.0,-1.0,-1.0,-1.0,-1.0,-1.0,-1.0,-1.0,-1.0,-1.0,-1.0,-1.0,-1.0,-1.0,-1.0,-1.0,5.992490261145079,-1.5114432220527223,2.307514024042117
113,0.226,0.710972033076849,-0.2635820848550989,1.434566775600008,5.992490261145079,-1.5114432220527223,0.11007402404211675,0.05591862360523568,0.1004,0.0507,0.8412,0.9426,0.1609,0.2859,0.0624,-0.1556,-1.1616,-0.3971,0.0384,0.4693,0.1163,-0.2898,-1.7591,-0.3287,1.5785,-0.0621,0.0342,0.4898,0.0384,0.1664,0.1153,0.5615,-0.0143,-0.0214,-0.0538,0.3025,-1.0761,-0.1675,-0.0275,0.0391,0.054,0.1358,-0.4416,-0.0204,-0.9692,0.5679,3.7746,1.9963,-1.3675,-5.0286,-0.0385,-0.5414,1.7498,-1.7385,0.0354,-5.1764,-1.5625,1.4675,-2.6273,-0.1717,-3.3513,4.2696,3.5625,-0.0691,4.157,-0.1859,-0.0479,-0.3706,-1.342,1.665,2.8752,-3.7029,0.3536,-0.3421,0.4297,-1.0,-1.0,8.079273444494024,-1.0,7.586055745750772,-1.0,-1.0,-1.0,-1.0,-1.0,-1.0,-1.0,-1.0,-1.0,-1.0,-1.0,-1.0,-1.0,-1.0,-1.0,-1.0,-1.0,-1.0,-1.0,-1.0,-1.0,-1.0,-1.0,-1.0,-1.0,-1.0,-1.0,-1.0,-1.0,-1.0,-1.0,-1.0,-1.0,-1.0,-1.0,-1.0,-1.0,-1.0,-1.0,-1.0,-1.0,-1.0,-1.0,-1.0,-1.0,-1.0,-1.0,-1.0,-1.0,-1.0,-1.0,-1.0,-1.0,-1.0,-1.0,-1.0,-1.0,-1.0,5.992490261145079,-1.5114432220527223,2.307514024042117
114,0.228,0.7229570135991392,-0.2666049712992043,1.4347673036480924,5.992490261145079,-1.5114432220527223,0.090454024042117,0.05591862360523568,0.0995,0.0507,0.8393,0.9413,0.1617,0.2892,0.0647,-0.1582,-1.1718,-0.397,0.0374,0.4729,0.1129,-0.2896,-1.7695,-0.3316,1.5814,-0.0671,0.0338,0.4833,0.047,0.1736,0.1151,0.5697,-0.0147,-0.0215,-0.0545,0.3001,-1.0724,-0.1617,-0.0349,0.04,0.0533,0.1367,-0.445,-0.0302,-0.9728,0.5256,3.8232,1.8791,-1.2924,-5.0879,0.047,-0.4927,1.8296,-1.722,0.1057,-5.2073,-1.4473,1.4402,-2.4977,-0.1585,-3.2652,4.3236,3.5993,-0.069,4.1049,-0.2071,-0.0544,-0.3779,-1.1911,1.8641,2.8761,-3.7298,0.4119,-0.3566,0.4363,-1.0,-1.0,7.49829485579413,-1.0,7.084979260742125,-1.0,-1.0,-1.0,-1.0,-1.0,-1.0,-1.0,-1.0,-1.0,-1.0,-1.0,-1.0,-1.0,-1.0,-1.0,-1.0,-1.0,-1.0,-1.0,-1.0,-1.0,-1.0,-1.0,-1.0,-1.0,-1.0,-1.0,-1.0,-1.0,-1.0,-1.0,-1.0,-1.0,-1.0,-1.0,-1.0,-1.0,-1.0,-1.0,-1.0,-1.0,-1.0,-1.0,-1.0,-1.0,-1.0,-1.0,-1.0,-1.0,-1.0,-1.0,-1.0,-1.0,-1.0,-1.0,-1.0,-1.0,-1.0,5.992490261145079,-1.5114432220527223,2.307514024042117
115,0.23,0.7349419941214295,-0.2696278577433098,1.4349285916961765,5.992490261145079,-1.5114432220527223,0.0708340240421168,0.05591862360523568,0.0986,0.0506,0.8373,0.94,0.1624,0.2926,0.0668,-0.1605,-1.1821,-0.3968,0.0366,0.4768,0.1095,-0.2891,-1.7799,-0.3343,1.5842,-0.0719,0.0335,0.477,0.0558,0.1808,0.115,0.5778,-0.0152,-0.0216,-0.0553,0.298,-1.0682,-0.1559,-0.0423,0.0409,0.0525,0.1375,-0.4472,-0.0402,-0.9752,0.4828,3.8563,1.723,-1.1787,-5.1241,0.1271,-0.4477,1.936,-1.6968,0.2141,-5.2098,-1.3305,1.4007,-2.3882,-0.1545,-3.1137,4.3687,3.624,-0.074,4.0404,-0.2346,-0.0601,-0.3873,-1.0613,2.0812,2.8791,-3.6988,0.4617,-0.3688,0.4403,-1.0,-1.0,6.990918126693089,-1.0,-1.0,-1.0,-1.0,-1.0,-1.0,-1.0,-1.0,-1.0,-1.0,-1.0,-1.0,-1.0,-1.0,-1.0,-1.0,-1.0,-1.0,-1.0,-1.0,-1.0,-1.0,-1.0,-1.0,-1.0,-1.0,-1.0,-1.0,-1.0,-1.0,-1.0,-1.0,-1.0,-1.0,-1.0,-1.0,-1.0,-1.0,-1.0,-1.0,-1.0,-1.0,-1.0,-1.0,-1.0,-1.0,-1.0,-1.0,-1.0,-1.0,-1.0,-1.0,-1.0,-1.0,-1.0,-1.0,-1.0,-1.0,-1.0,-1.0,5.992490261145079,-1.5114432220527223,2.307514024042117
116,0.232,0.7469269746437195,-0.2726507441874152,1.4350506397442606,5.992490261145079,-1.5114432220527223,0.05121402404211661,0.05591862360523568,0.0977,0.0505,0.8354,0.9386,0.163,0.296,0.0688,-0.1627,-1.1924,-0.3964,0.0357,0.4809,0.1062,-0.2885,-1.7903,-0.3367,1.587,-0.0765,0.0332,0.4711,0.0646,0.1881,0.1148,0.5857,-0.0157,-0.0218,-0.0561,0.2961,-1.0636,-0.1502,-0.0497,0.0419,0.0518,0.1384,-0.4491,-0.0504,-0.9782,0.4388,3.8856,1.5707,-1.0713,-5.1562,0.2086,-0.402,2.0483,-1.6681,0.3088,-5.2108,-1.2032,1.3679,-2.2755,-0.1501,-2.9625,4.4139,3.6496,-0.079,3.9717,-0.2629,-0.0661,-0.3972,-0.935,2.3022,2.8815,-3.6676,0.5098,-0.3794,0.4446,-1.0,-1.0,-1.0,-1.0,-1.0,-1.0,-1.0,-1.0,-1.0,-1.0,-1.0,-1.0,-1.0,-1.0,-1.0,-1.0,-1.0,-1.0,-1.0,-1.0,-1.0,-1.0,-1.0,-1.0,-1.0,-1.0,-1.0,-1.0,-1.0,-1.0,-1.0,-1.0,-1.0,-1.0,-1.0,-1.0,-1.0,-1.0,-1.0,-1.0,-1.0,-1.0,-1.0,-1.0,-1.0,-1.0,-1.0,-1.0,-1.0,-1.0,-1.0,-1.0,-1.0,-1.0,-1.0,-1.0,-1.0,-1.0,-1.0,-1.0,-1.0,-1.0,-1.0,5.992490261145079,-1.5114432220527223,2.307514024042117
117,0.234,0.7589119551660097,-0.27567363063152067,1.435133447792345,5.992490261145079,-1.5114432220527223,0.031594024042116864,0.05591862360523568,0.0968,0.0504,0.8334,0.9373,0.1636,0.2995,0.0706,-0.1646,-1.2027,-0.3958,0.035,0.4852,0.1029,-0.2878,-1.8007,-0.3388,1.5897,-0.0808,0.0329,0.4655,0.0735,0.1955,0.1147,0.5935,-0.0163,-0.0219,-0.0569,0.2945,-1.0586,-0.1444,-0.0569,0.043,0.051,0.1393,-0.4508,-0.061,-0.9817,0.3938,3.9111,1.4222,-0.9708,-5.1844,0.292,-0.3558,2.1674,-1.6367,0.3904,-5.2109,-1.0651,1.3436,-2.1608,-0.1446,-2.812,4.4586,3.6763,-0.0838,3.8994,-0.2919,-0.0723,-0.4076,-0.812,2.5267,2.8837,-3.6363,0.5563,-0.3886,0.4491,-1.0,-1.0,-1.0,-1.0,-1.0,-1.0,-1.0,-1.0,-1.0,-1.0,-1.0,-1.0,-1.0,-1.0,-1.0,-1.0,-1.0,-1.0,-1.0,-1.0,-1.0,-1.0,-1.0,-1.0,-1.0,-1.0,-1.0,-1.0,-1.0,-1.0,-1.0,-1.0,-1.0,-1.0,-1.0,-1.0,-1.0,-1.0,-1.0,-1.0,-1.0,-1.0,-1.0,-1.0,-1.0,-1.0,-1.0,-1.0,-1.0,-1.0,-1.0,-1.0,-1.0,-1.0,-1.0,-1.0,-1.0,-1.0,-1.0,-1.0,-1.0,-1.0,-1.0,5.992490261145079,-1.5114432220527223,2.307514024042117
118,0.236,0.7708969356883,-0.2786965170756261,1.4351770158404293,5.992490261145079,-1.5114432220527223,0.011974024042116671,0.05591862360523568,0.0959,0.0502,0.8315,0.936,0.164,0.303,0.0724,-0.1664,-1.2132,-0.395,0.0344,0.4898,0.0997,-0.2868,-1.8112,-0.3406,1.5924,-0.0849,0.0327,0.4602,0.0825,0.2029,0.1145,0.6011,-0.017,-0.0221,-0.0577,0.2931,-1.053,-0.1386,-0.0642,0.0442,0.0502,0.1402,-0.4522,-0.0719,-0.9858,0.3478,3.9331,1.277,-0.8775,-5.2089,0.3781,-0.3096,2.2939,-1.6033,0.4592,-5.2143,-0.9144,1.3528,-2.0615,-0.1395,-2.6613,4.5024,3.704,-0.0887,3.8241,-0.3214,-0.0786,-0.4183,-0.6924,2.7546,2.886,-3.6053,0.6014,-0.3967,0.4538,-1.0,-1.0,-1.0,-1.0,-1.0,-1.0,-1.0,-1.0,-1.0,-1.0,-1.0,-1.0,-1.0,-1.0,-1.0,-1.0,-1.0,-1.0,-1.0,-1.0,-1.0,-1.0,-1.0,-1.0,-1.0,-1.0,-1.0,-1.0,-1.0,-1.0,-1.0,-1.0,-1.0,-1.0,-1.0,-1.0,-1.0,-1.0,-1.0,-1.0,-1.0,-1.0,-1.0,-1.0,-1.0,-1.0,-1.0,-1.0,-1.0,-1.0,-1.0,-1.0,-1.0,-1.0,-1.0,-1.0,-1.0,-1.0,-1.0,-1.0,-1.0,-1.0,-1.0,5.992490261145079,-1.5114432220527223,2.307514024042117
119,0.238,0.78288191621059,-0.28171940351973157,1.4351813438885133,5.992490261145079,-1.5114432220527223,-0.007645975957883078,0.05591862360523568,0.095,0.0501,0.8295,0.9347,0.1643,0.3065,0.074,-0.1679,-1.2236,-0.3941,0.0339,0.4947,0.0965,-0.2857,-1.8215,-0.3422,1.595,-0.0889,0.0324,0.4552,0.0916,0.2103,0.1143,0.6086,-0.0177,-0.0222,-0.0586,0.2919,-1.0471,-0.1329,-0.0711,0.0455,0.0494,0.1411,-0.4532,-0.0822,-0.9883,0.3017,3.9458,1.1166,-0.778,-5.2238,0.4674,-0.2608,2.428,-1.5657,0.5667,-5.1905,-0.7964,1.3236,-1.975,-0.1265,-2.4829,4.5432,3.7231,-0.1014,3.7475,-0.3577,-0.0842,-0.4317,-0.6047,2.9964,2.8798,-3.4956,0.6381,-0.4043,0.4567,-1.0,-1.0,-1.0,-1.0,-1.0,-1.0,-1.0,-1.0,-1.0,-1.0,-1.0,-1.0,-1.0,-1.0,-1.0,-1.0,-1.0,-1.0,-1.0,-1.0,-1.0,-1.0,-1.0,-1.0,-1.0,-1.0,-1.0,-1.0,-1.0,-1.0,-1.0,-1.0,-1.0,-1.0,-1.0,-1.0,-1.0,-1.0,-1.0,-1.0,-1.0,-1.0,-1.0,-1.0,-1.0,-1.0,-1.0,-1.0,-1.0,-1.0,-1.0,-1.0,-1.0,-1.0,-1.0,-1.0,-1.0,-1.0,-1.0,-1.0,-1.0,-1.0,-1.0,5.992490261145079,-1.5114432220527223,2.307514024042117
120,0.24,0.7948668967328802,-0.284742289963837,1.4351464319365976,5.992490261145079,-1.5114432220527223,-0.02726597595788327,0.05591862360523568,0.0941,0.0499,0.8275,0.9333,0.1646,0.3101,0.0754,-0.1693,-1.2341,-0.393,0.0335,0.4998,0.0935,-0.2844,-1.8319,-0.3436,1.5976,-0.0927,0.0322,0.4506,0.1008,0.2178,0.1141,0.616,-0.0185,-0.0224,-0.0595,0.2908,-1.0406,-0.1271,-0.0779,0.0468,0.0486,0.1421,-0.454,-0.0926,-0.9907,0.2553,3.9541,0.958,-0.6832,-5.2315,0.5578,-0.2166,2.5703,-1.5301,0.6667,-5.1639,-0.6715,1.3133,-1.9034,-0.1135,-2.3019,4.5827,3.7414,-0.1148,3.6689,-0.3946,-0.0901,-0.4455,-0.5253,3.2419,2.8732,-3.3768,0.6719,-0.4108,0.4595,-1.0,-1.0,-1.0,-1.0,-1.0,-1.0,-1.0,-1.0,-1.0,-1.0,-1.0,-1.0,-1.0,-1.0,-1.0,-1.0,-1.0,-1.0,-1.0,-1.0,-1.0,-1.0,-1.0,-1.0,-1.0,-1.0,-1.0,-1.0,-1.0,-1.0,-1.0,-1.0,-1.0,-1.0,-1.0,-1.0,-1.0,-1.0,-1.0,-1.0,-1.0,-1.0,-1.0,-1.0,-1.0,-1.0,-1.0,-1.0,-1.0,-1.0,-1.0,-1.0,-1.0,-1.0,-1.0,-1.0,-1.0,-1.0,-1.0,-1.0,-1.0,-1.0,-1.0,5.992490261145079,-1.5114432220527223,2.307514024042117
121,0.242,0.8068518772551703,-0.2877651764079424,1.435072279984682,5.992490261145079,-1.5114432220527223,-0.04688597595788302,0.05591862360523568,0.0931,0.0497,0.8255,0.932,0.1647,0.3137,0.0768,-0.1705,-1.2445,-0.3917,0.0331,0.5052,0.0905,-0.2828,-1.8421,-0.3446,1.6003,-0.0964,0.032,0.4464,0.11,0.2253,0.1138,0.6232,-0.0193,-0.0226,-0.0604,0.2899,-1.0336,-0.1214,-0.0844,0.0483,0.0478,0.143,-0.4545,-0.1032,-0.9931,0.2083,3.9579,0.801,-0.5947,-5.2323,0.6512,-0.1766,2.7215,-1.4932,0.7591,-5.134,-0.5393,1.3207,-1.8456,-0.1005,-2.1182,4.6206,3.759,-0.1288,3.5881,-0.4319,-0.0961,-0.4596,-0.4538,3.4909,2.8666,-3.2495,0.7033,-0.4163,0.4622,-1.0,-1.0,-1.0,-1.0,-1.0,-1.0,-1.0,-1.0,-1.0,-1.0,-1.0,-1.0,-1.0,-1.0,-1.0,-1.0,-1.0,-1.0,-1.0,-1.0,-1.0,-1.0,-1.0,-1.0,-1.0,-1.0,-1.0,-1.0,-1.0,-1.0,-1.0,-1.0,-1.0,-1.0,-1.0,-1.0,-1.0,-1.0,-1.0,-1.0,-1.0,-1.0,-1.0,-1.0,-1.0,-1.0,-1.0,-1.0,-1.0,-1.0,-1.0,-1.0,-1.0,-1.0,-1.0,-1.0,-1.0,-1.0,-1.0,-1.0,-1.0,-1.0,-1.0,5.992490261145079,-1.5114432220527223,2.307514024042117
122,0.244,0.8188368577774603,-0.29078806285204783,1.4349588880327662,5.992490261145079,-1.5114432220527223,-0.06650597595788321,0.05591862360523568,0.0922,0.0494,0.8235,0.9307,0.1647,0.3172,0.078,-0.1715,-1.255,-0.3902,0.0328,0.511,0.0876,-0.2812,-1.8523,-0.3454,1.603,-0.1,0.0318,0.4425,0.1193,0.2329,0.1135,0.6302,-0.0203,-0.0228,-0.0614,0.2892,-1.0261,-0.1157,-0.0906,0.0497,0.0469,0.1439,-0.4548,-0.1139,-0.9954,0.1607,3.9575,0.646,-0.515,-5.2274,0.7494,-0.1396,2.8818,-1.4559,0.844,-5.1008,-0.3997,1.3442,-1.8002,-0.0873,-1.9323,4.6569,3.7762,-0.1434,3.5053,-0.4695,-0.1024,-0.474,-0.3898,3.7426,2.8599,-3.1142,0.7324,-0.4208,0.4648,-1.0,-1.0,-1.0,-1.0,-1.0,-1.0,-1.0,-1.0,-1.0,-1.0,-1.0,-1.0,-1.0,-1.0,-1.0,-1.0,-1.0,-1.0,-1.0,-1.0,-1.0,-1.0,-1.0,-1.0,-1.0,-1.0,-1.0,-1.0,-1.0,-1.0,-1.0,-1.0,-1.0,-1.0,-1.0,-1.0,-1.0,-1.0,-1.0,-1.0,-1.0,-1.0,-1.0,-1.0,-1.0,-1.0,-1.0,-1.0,-1.0,-1.0,-1.0,-1.0,-1.0,-1.0,-1.0,-1.0,-1.0,-1.0,-1.0,-1.0,-1.0,-1.0,-1.0,5.992490261145079,-1.5114432220527223,2.307514024042117
123,0.246,0.8308218382997505,-0.2938109492961533,1.4348062560808503,5.992490261145079,-1.5114432220527223,-0.08612597595788296,0.05591862360523568,0.0913,0.0492,0.8216,0.9293,0.1647,0.3209,0.0791,-0.1727,-1.2656,-0.3883,0.0326,0.5163,0.0845,-0.2791,-1.8625,-0.3463,1.6055,-0.1036,0.0316,0.439,0.1286,0.2403,0.1132,0.637,-0.0213,-0.023,-0.0623,0.2885,-1.0182,-0.1101,-0.0966,0.0512,0.046,0.1448,-0.4708,-0.1198,-0.9729,0.1506,4.0148,0.5476,-0.6052,-5.2919,0.9417,-0.131,2.6316,-1.5496,1.0221,-5.0886,-0.4304,1.261,-1.8083,-0.0985,-1.7592,4.6134,3.7033,-0.1671,3.4301,-0.5071,-0.1137,-0.4852,-0.3165,3.9557,2.7988,-2.9864,0.738,-0.4376,0.4543,-1.0,-1.0,-1.0,-1.0,-1.0,-1.0,-1.0,-1.0,-1.0,-1.0,-1.0,-1.0,-1.0,-1.0,-1.0,-1.0,-1.0,-1.0,-1.0,-1.0,-1.0,-1.0,-1.0,-1.0,-1.0,-1.0,-1.0,-1.0,-1.0,-1.0,-1.0,-1.0,-1.0,-1.0,-1.0,-1.0,-1.0,-1.0,-1.0,-1.0,-1.0,-1.0,-1.0,-1.0,-1.0,-1.0,-1.0,-1.0,-1.0,-1.0,-1.0,-1.0,-1.0,-1.0,-1.0,-1.0,-1.0,-1.0,-1.0,-1.0,-1.0,-1.0,-1.0,5.992490261145079,-1.5114432220527223,2.307514024042117
124,0.248,0.8428068188220408,-0.29683383574025873,1.4346143841289347,5.992490261145079,-1.5114432220527223,-0.10574597595788315,0.05591862360523568,0.0903,0.049,0.8197,0.9279,0.1647,0.3246,0.0801,-0.1741,-1.2762,-0.386,0.0323,0.5209,0.0816,-0.2767,-1.8726,-0.3472,1.6079,-0.1072,0.0314,0.4358,0.1377,0.2475,0.1128,0.6437,-0.0224,-0.0233,-0.0633,0.288,-1.0098,-0.1046,-0.1023,0.0527,0.0451,0.1457,-0.4854,-0.1269,-0.9519,0.1352,4.0636,0.4391,-0.6997,-5.3325,1.1402,-0.1368,2.3312,-1.4341,1.19,-5.0653,-0.4323,1.1974,-1.8285,-0.1097,-1.5778,4.5768,3.6368,-0.1937,3.3529,-0.5451,-0.1246,-0.4972,-0.2662,4.1766,2.7431,-2.8336,0.7412,-0.4519,0.4452,-1.0,-1.0,-1.0,-1.0,-1.0,-1.0,-1.0,-1.0,-1.0,-1.0,-1.0,-1.0,-1.0,-1.0,-1.0,-1.0,-1.0,-1.0,-1.0,-1.0,-1.0,-1.0,-1.0,-1.0,-1.0,-1.0,-1.0,-1.0,-1.0,-1.0,-1.0,-1.0,-1.0,-1.0,-1.0,-1.0,-1.0,-1.0,-1.0,-1.0,-1.0,-1.0,-1.0,-1.0,-1.0,-1.0,-1.0,-1.0,-1.0,-1.0,-1.0,-1.0,-1.0,-1.0,-1.0,-1.0,-1.0,-1.0,-1.0,-1.0,-1.0,-1.0,-1.0,5.992490261145079,-1.5114432220527223,2.307514024042117
125,0.25,0.8547917993443308,-0.2998567221843642,1.434383272177019,5.992490261145079,-1.5114432220527223,-0.1253659759578829,0.05591862360523568,0.0893,0.0487,0.8178,0.9266,0.1646,0.3284,0.0811,-0.1757,-1.287,-0.3833,0.032,0.525,0.0793,-0.2741,-1.8827,-0.348,1.6102,-0.111,0.0311,0.433,0.1468,0.2547,0.1123,0.6503,-0.0235,-0.0235,-0.0643,0.2875,-1.001,-0.0992,-0.1076,0.0542,0.0442,0.1466,-0.4991,-0.1345,-0.9321,0.119,4.1043,0.3248,-0.8087,-5.3651,1.3489,-0.1313,2.0192,-1.1495,1.3427,-5.0365,-0.409,1.1557,-1.8614,-0.1227,-1.3925,4.5456,3.5746,-0.2233,3.2767,-0.5833,-0.1348,-0.51,-0.2373,4.4007,2.6909,-2.6598,0.7423,-0.464,0.4372,-1.0,-1.0,-1.0,-1.0,-1.0,-1.0,-1.0,-1.0,-1.0,-1.0,-1.0,-1.0,-1.0,-1.0,-1.0,-1.0,-1.0,-1.0,-1.0,-1.0,-1.0,-1.0,-1.0,-1.0,-1.0,-1.0,-1.0,-1.0,-1.0,-1.0,-1.0,-1.0,-1.0,-1.0,-1.0,-1.0,-1.0,-1.0,-1.0,-1.0,-1.0,-1.0,-1.0,-1.0,-1.0,-1.0,-1.0,-1.0,-1.0,-1.0,-1.0,-1.0,-1.0,-1.0,-1.0,-1.0,-1.0,-1.0,-1.0,-1.0,-1.0,-1.0,-1.0,5.992490261145079,-1.5114432220527223,2.307514024042117
126,0.252,0.866776779866621,-0.30287960862846963,1.434112920225103,5.992490261145079,-1.5114432220527223,-0.1449859759578831,0.05591862360523568,0.0883,0.0484,0.816,0.9252,0.1644,0.3322,0.0819,-0.1775,-1.2978,-0.3802,0.032,0.5282,0.0778,-0.2711,-1.8927,-0.3487,1.6125,-0.1148,0.0309,0.4306,0.1558,0.2617,0.1118,0.6567,-0.0248,-0.0238,-0.0654,0.2871,-0.9918,-0.0939,-0.1125,0.0556,0.0433,0.1474,-0.5113,-0.1434,-0.9134,0.0963,4.1378,0.2097,-0.8943,-5.4354,1.5377,-0.0165,1.6249,-0.7638,1.4745,-4.9989,-0.3548,1.143,-1.9101,-0.1381,-1.2077,4.519,3.5177,-0.2537,3.2001,-0.6217,-0.1446,-0.5233,-0.2268,4.6325,2.6422,-2.4637,0.7417,-0.4741,0.4302,-1.0,-1.0,-1.0,-1.0,-1.0,-1.0,-1.0,-1.0,-1.0,-1.0,-1.0,-1.0,-1.0,-1.0,-1.0,-1.0,-1.0,-1.0,-1.0,-1.0,-1.0,-1.0,-1.0,-1.0,-1.0,-1.0,-1.0,-1.0,-1.0,-1.0,-1.0,-1.0,-1.0,-1.0,-1.0,-1.0,-1.0,-1.0,-1.0,-1.0,-1.0,-1.0,-1.0,-1.0,-1.0,-1.0,-1.0,-1.0,-1.0,-1.0,-1.0,-1.0,-1.0,-1.0,-1.0,-1.0,-1.0,-1.0,-1.0,-1.0,-1.0,-1.0,-1.0,5.992490261145079,-1.5114432220527223,2.307514024042117
127,0.254,0.8787617603889113,-0.30590249507257505,1.4338033282731872,5.992490261145079,-1.5114432220527223,-0.1646059759578833,0.05591862360523568,0.0873,0.0481,0.8142,0.9238,0.1642,0.336,0.0827,-0.1795,-1.3089,-0.3768,0.0323,0.5308,0.0769,-0.2679,-1.9025,-0.3493,1.6147,-0.1182,0.0307,0.4285,0.1648,0.2687,0.1112,0.663,-0.0261,-0.0241,-0.0665,0.2865,-0.982,-0.0888,-0.1169,0.0571,0.0423,0.1483,-0.5229,-0.1534,-0.8943,0.0693,4.1556,0.1152,-1.0024,-5.5265,1.7315,0.17,1.2806,-0.4486,1.5941,-4.8678,-0.2753,1.1045,-1.7169,-0.0951,-1.0514,4.4769,3.4608,-0.3039,3.1463,-0.6593,-0.152,-0.5373,-0.2749,4.8816,2.5799,-2.1788,0.7168,-0.4843,0.4211,-1.0,-1.0,-1.0,-1.0,-1.0,-1.0,-1.0,-1.0,-1.0,-1.0,-1.0,-1.0,-1.0,-1.0,-1.0,-1.0,-1.0,-1.0,-1.0,-1.0,-1.0,-1.0,-1.0,-1.0,-1.0,-1.0,-1.0,-1.0,-1.0,-1.0,-1.0,-1.0,-1.0,-1.0,-1.0,-1.0,-1.0,-1.0,-1.0,-1.0,-1.0,-1.0,-1.0,-1.0,-1.0,-1.0,-1.0,-1.0,-1.0,-1.0,-1.0,-1.0,-1.0,-1.0,-1.0,-1.0,-1.0,-1.0,-1.0,-1.0,-1.0,-1.0,-1.0,5.992490261145079,-1.5114432220527223,2.307514024042117
128,0.256,0.8907467409112013,-0.30892538151668053,1.4334544963212714,5.992490261145079,-1.5114432220527223,-0.18422597595788304,0.05591862360523568,0.0862,0.0478,0.8124,0.9223,0.1639,0.3399,0.0834,-0.1817,-1.3202,-0.373,0.0331,0.5328,0.0765,-0.2645,-1.9119,-0.3496,1.6167,-0.1213,0.0306,0.4267,0.1737,0.2755,0.1105,0.6692,-0.0275,-0.0245,-0.0676,0.2858,-0.9717,-0.0837,-0.1206,0.0585,0.0413,0.1491,-0.5342,-0.1632,-0.8757,0.0391,4.1665,0.0222,-1.0929,-5.6272,1.911,0.389,0.9827,-0.1987,1.7064,-4.7163,-0.1932,1.0304,-1.5385,-0.0553,-0.9003,4.4374,3.4045,-0.3575,3.0953,-0.6965,-0.1565,-0.5515,-0.3388,5.1308,2.5166,-1.8645,0.6882,-0.4931,0.4124,-1.0,-1.0,-1.0,-1.0,-1.0,-1.0,-1.0,-1.0,-1.0,-1.0,-1.0,-1.0,-1.0,-1.0,-1.0,-1.0,-1.0,-1.0,-1.0,-1.0,-1.0,-1.0,-1.0,-1.0,-1.0,-1.0,-1.0,-1.0,-1.0,-1.0,-1.0,-1.0,-1.0,-1.0,-1.0,-1.0,-1.0,-1.0,-1.0,-1.0,-1.0,-1.0,-1.0,-1.0,-1.0,-1.0,-1.0,-1.0,-1.0,-1.0,-1.0,-1.0,-1.0,-1.0,-1.0,-1.0,-1.0,-1.0,-1.0,-1.0,-1.0,-1.0,-1.0,5.992490261145079,-1.5114432220527223,2.307514024042117
129,0.258,0.9027317214334916,-0.31194826796078595,1.4330664243693558,5.992490261145079,-1.5114432220527223,-0.20384597595788323,0.05591862360523568,0.0851,0.0474,0.8107,0.9209,0.1635,0.3437,0.084,-0.184,-1.3316,-0.3688,0.0344,0.5342,0.0765,-0.2608,-1.921,-0.3499,1.6186,-0.124,0.0305,0.4252,0.1825,0.2822,0.1097,0.6753,-0.029,-0.0248,-0.0687,0.285,-0.961,-0.0788,-0.1236,0.0598,0.0403,0.1499,-0.5448,-0.1725,-0.8575,0.0068,4.1693,-0.0702,-1.1652,-5.7351,2.0739,0.6423,0.704,0.0208,1.8274,-4.5447,-0.1306,0.9165,-1.3739,-0.0187,-0.7535,4.4007,3.3481,-0.4135,3.0471,-0.7332,-0.1613,-0.566,-0.4161,5.3802,2.451,-1.5208,0.6564,-0.5007,0.4041,-1.0,-1.0,-1.0,-1.0,-1.0,-1.0,-1.0,-1.0,-1.0,-1.0,-1.0,-1.0,-1.0,-1.0,-1.0,-1.0,-1.0,-1.0,-1.0,-1.0,-1.0,-1.0,-1.0,-1.0,-1.0,-1.0,-1.0,-1.0,-1.0,-1.0,-1.0,-1.0,-1.0,-1.0,-1.0,-1.0,-1.0,-1.0,-1.0,-1.0,-1.0,-1.0,-1.0,-1.0,-1.0,-1.0,-1.0,-1.0,-1.0,-1.0,-1.0,-1.0,-1.0,-1.0,-1.0,-1.0,-1.0,-1.0,-1.0,-1.0,-1.0,-1.0,-1.0,5.992490261145079,-1.5114432220527223,2.307514024042117
130,0.26,0.9147167019557818,-0.31497115440489143,1.43263911241744,5.992490261145079,-1.5114432220527223,-0.22346597595788298,0.05591862360523568,0.084,0.0471,0.8091,0.9195,0.1631,0.3476,0.0845,-0.1865,-1.3433,-0.3644,0.0362,0.5351,0.0767,-0.2569,-1.9297,-0.3501,1.6201,-0.1265,0.0306,0.424,0.1912,0.2887,0.1087,0.6813,-0.0305,-0.0251,-0.0699,0.284,-0.9497,-0.0741,-0.1259,0.061,0.0393,0.1507,-0.5549,-0.1808,-0.838,-0.0251,4.1672,-0.1476,-1.2113,-5.8341,2.2053,0.8854,0.4672,0.0696,1.9585,-4.3606,-0.1102,0.7717,-1.2235,0.0147,-0.6241,4.3644,3.288,-0.4719,3.0024,-0.7697,-0.1665,-0.5808,-0.5037,5.6271,2.3797,-1.1473,0.6218,-0.5072,0.3961,-1.0,-1.0,-1.0,-1.0,-1.0,-1.0,-1.0,-1.0,-1.0,-1.0,-1.0,-1.0,-1.0,-1.0,-1.0,-1.0,-1.0,-1.0,-1.0,-1.0,-1.0,-1.0,-1.0,-1.0,-1.0,-1.0,-1.0,-1.0,-1.0,-1.0,-1.0,-1.0,-1.0,-1.0,-1.0,-1.0,-1.0,-1.0,-1.0,-1.0,-1.0,-1.0,-1.0,-1.0,-1.0,-1.0,-1.0,-1.0,-1.0,-1.0,-1.0,-1.0,-1.0,-1.0,-1.0,-1.0,-1.0,-1.0,-1.0,-1.0,-1.0,-1.0,-1.0,5.992490261145079,-1.5114432220527223,2.307514024042117
131,0.262,0.9267016824780718,-0.31799404084899685,1.4321725604655242,5.992490261145079,-1.5114432220527223,-0.24308597595788317,0.05591862360523568,0.0829,0.0467,0.8074,0.9181,0.1626,0.3514,0.0851,-0.1896,-1.3547,-0.3592,0.0375,0.5358,0.0773,-0.2525,-1.9381,-0.3507,1.6215,-0.1289,0.0306,0.4229,0.1996,0.295,0.1078,0.6871,-0.032,-0.0255,-0.071,0.2829,-0.938,-0.0697,-0.1276,0.0621,0.0382,0.1514,-0.5683,-0.1929,-0.8066,-0.0516,4.1932,-0.1797,-1.5427,-5.7094,2.5722,0.6407,0.3398,0.3098,2.2349,-4.185,-0.2783,0.675,-1.221,-0.0016,-0.5252,4.1844,3.137,-0.4562,2.8959,-0.7763,-0.1739,-0.5758,-0.5393,5.8653,2.2131,-0.8362,0.5553,-0.5431,0.364,-1.0,-1.0,-1.0,-1.0,-1.0,-1.0,-1.0,-1.0,-1.0,-1.0,-1.0,-1.0,-1.0,-1.0,-1.0,-1.0,-1.0,-1.0,-1.0,-1.0,-1.0,-1.0,-1.0,-1.0,-1.0,-1.0,-1.0,-1.0,-1.0,-1.0,-1.0,-1.0,-1.0,-1.0,-1.0,-1.0,-1.0,-1.0,-1.0,-1.0,-1.0,-1.0,-1.0,-1.0,-1.0,-1.0,-1.0,-1.0,-1.0,-1.0,-1.0,-1.0,-1.0,-1.0,-1.0,-1.0,-1.0,-1.0,-1.0,-1.0,-1.0,-1.0,-1.0,5.992490261145079,-1.5114432220527223,2.307514024042117
132,0.264,0.9386866630003621,-0.3210169272931023,1.4316667685136086,5.992490261145079,-1.5114432220527223,-0.26270597595788336,0.05591862360523568,0.0817,0.0463,0.8059,0.9166,0.1621,0.3553,0.0855,-0.1931,-1.3658,-0.3534,0.0381,0.5363,0.0784,-0.2476,-1.9462,-0.3514,1.6224,-0.1322,0.0303,0.4222,0.2076,0.301,0.1069,0.6926,-0.0336,-0.0258,-0.0722,0.2818,-0.9259,-0.0655,-0.1285,0.0631,0.0371,0.1521,-0.5813,-0.203,-0.7732,-0.0762,4.2145,-0.263,-1.7857,-5.5391,2.9007,0.3307,0.2403,0.5721,2.4219,-4.082,-0.3564,0.4799,-1.6604,-0.1074,-0.3654,4.0175,2.9874,-0.4523,2.7801,-0.7851,-0.1817,-0.5735,-0.576,6.0654,2.0713,-0.4649,0.4881,-0.5748,0.3358,-1.0,-1.0,-1.0,-1.0,-1.0,-1.0,-1.0,-1.0,-1.0,-1.0,-1.0,-1.0,-1.0,-1.0,-1.0,-1.0,-1.0,-1.0,-1.0,-1.0,-1.0,-1.0,-1.0,-1.0,-1.0,-1.0,-1.0,-1.0,-1.0,-1.0,-1.0,-1.0,-1.0,-1.0,-1.0,-1.0,-1.0,-1.0,-1.0,-1.0,-1.0,-1.0,-1.0,-1.0,-1.0,-1.0,-1.0,-1.0,-1.0,-1.0,-1.0,-1.0,-1.0,-1.0,-1.0,-1.0,-1.0,-1.0,-1.0,-1.0,-1.0,-1.0,-1.0,5.992490261145079,-1.5114432220527223,2.307514024042117
133,0.266,0.9506716435226523,-0.32403981373720775,1.4311217365616928,5.992490261145079,-1.5114432220527223,-0.2823259759578831,0.05591862360523568,0.0805,0.0458,0.8044,0.9151,0.1615,0.3593,0.0859,-0.1969,-1.3767,-0.3472,0.0385,0.5367,0.079,-0.2424,-1.9542,-0.3522,1.623,-0.1363,0.03,0.4218,0.2153,0.3067,0.106,0.6979,-0.0352,-0.0262,-0.0733,0.2806,-0.9134,-0.0616,-0.1286,0.0639,0.0358,0.1527,-0.5934,-0.2134,-0.7352,-0.1065,4.2392,-0.3349,-1.8681,-5.4466,3.1021,0.167,0.2244,0.2882,2.5842,-3.9607,-0.4096,0.2798,-2.0422,-0.1907,-0.2038,3.8578,2.8387,-0.4569,2.6531,-0.796,-0.1902,-0.5733,-0.6032,6.236,1.9447,-0.0358,0.4202,-0.6033,0.3108,-1.0,-1.0,-1.0,-1.0,-1.0,-1.0,-1.0,-1.0,-1.0,-1.0,-1.0,-1.0,-1.0,-1.0,-1.0,-1.0,-1.0,-1.0,-1.0,-1.0,-1.0,-1.0,-1.0,-1.0,-1.0,-1.0,-1.0,-1.0,-1.0,-1.0,-1.0,-1.0,-1.0,-1.0,-1.0,-1.0,-1.0,-1.0,-1.0,-1.0,-1.0,-1.0,-1.0,-1.0,-1.0,-1.0,-1.0,-1.0,-1.0,-1.0,-1.0,-1.0,-1.0,-1.0,-1.0,-1.0,-1.0,-1.0,-1.0,-1.0,-1.0,-1.0,-1.0,5.992490261145079,-1.5114432220527223,2.307514024042117
134,0.268,0.9626566240449423,-0.3270627001813132,1.4305374646097768,5.992490261145079,-1.5114432220527223,-0.3019459759578833,0.05591862360523568,0.0793,0.0454,0.803,0.9137,0.1608,0.3632,0.0862,-0.2007,-1.3871,-0.3405,0.0381,0.5371,0.0777,-0.2369,-1.9618,-0.353,1.6232,-0.1411,0.0295,0.4218,0.2228,0.3121,0.1051,0.703,-0.0368,-0.0266,-0.0745,0.2793,-0.9006,-0.0579,-0.1278,0.0646,0.0346,0.1533,-0.5995,-0.2243,-0.7043,-0.1438,4.2395,-0.4897,-1.9217,-5.2061,3.3889,-0.1662,0.1866,-0.6439,2.7726,-3.8067,-0.3919,0.0864,-2.369,-0.2458,0.0353,3.7313,2.7132,-0.4643,2.514,-0.8086,-0.1993,-0.5748,-0.6232,6.3898,1.8379,0.4,0.3517,-0.6277,0.2887,-1.0,-1.0,-1.0,-1.0,-1.0,-1.0,-1.0,-1.0,-1.0,-1.0,-1.0,-1.0,-1.0,-1.0,-1.0,-1.0,-1.0,-1.0,-1.0,-1.0,-1.0,-1.0,-1.0,-1.0,-1.0,-1.0,-1.0,-1.0,-1.0,-1.0,-1.0,-1.0,-1.0,-1.0,-1.0,-1.0,-1.0,-1.0,-1.0,-1.0,-1.0,-1.0,-1.0,-1.0,-1.0,-1.0,-1.0,-1.0,-1.0,-1.0,-1.0,-1.0,-1.0,-1.0,-1.0,-1.0,-1.0,-1.0,-1.0,-1.0,-1.0,-1.0,-1.0,5.992490261145079,-1.5114432220527223,2.307514024042117
135,0.27,0.9746416045672326,-0.33008558662541865,1.4299139526578613,5.992490261145079,-1.5114432220527223,-0.32156597595788305,0.05591862360523568,0.0781,0.0449,0.8017,0.9122,0.1601,0.3672,0.0865,-0.205,-1.3975,-0.3332,0.0378,0.5374,0.0762,-0.2312,-1.9691,-0.3539,1.6229,-0.1464,0.0288,0.4219,0.2299,0.3173,0.1039,0.7081,-0.0384,-0.027,-0.0756,0.2777,-0.8875,-0.0545,-0.1261,0.0652,0.0333,0.1538,-0.6111,-0.2357,-0.6688,-0.1786,4.2451,-0.4818,-2.1565,-5.192,3.6493,-0.1555,0.1677,-0.7622,2.8652,-3.6636,-0.4713,-0.1136,-2.6625,-0.3209,0.0336,3.5563,2.5838,-0.5673,2.5624,-0.8115,-0.1974,-0.5751,-0.8268,6.5429,1.7311,0.8524,0.2695,-0.6513,0.2636,-1.0,-1.0,-1.0,-1.0,-1.0,-1.0,-1.0,-1.0,-1.0,-1.0,-1.0,-1.0,-1.0,-1.0,-1.0,-1.0,-1.0,-1.0,-1.0,-1.0,-1.0,-1.0,-1.0,-1.0,-1.0,-1.0,-1.0,-1.0,-1.0,-1.0,-1.0,-1.0,-1.0,-1.0,-1.0,-1.0,-1.0,-1.0,-1.0,-1.0,-1.0,-1.0,-1.0,-1.0,-1.0,-1.0,-1.0,-1.0,-1.0,-1.0,-1.0,-1.0,-1.0,-1.0,-1.0,-1.0,-1.0,-1.0,-1.0,-1.0,-1.0,-1.0,-1.0,5.992490261145079,-1.5114432220527223,2.307514024042117
136,0.272,0.9866265850895228,-0.3331084730695241,1.4292512007059455,5.992490261145079,-1.5114432220527223,-0.34118597595788325,0.05591862360523568,0.0768,0.0444,0.8004,0.9107,0.1594,0.3711,0.0869,-0.2098,-1.4078,-0.3253,0.0375,0.5377,0.0745,-0.2253,-1.9761,-0.355,1.6223,-0.1522,0.028,0.422,0.2367,0.3222,0.1026,0.7133,-0.0401,-0.0274,-0.0768,0.2756,-0.8742,-0.0512,-0.1235,0.0656,0.0319,0.1543,-0.6221,-0.2473,-0.6343,-0.2128,4.247,-0.4839,-2.3911,-5.1727,3.917,-0.1421,0.1483,-0.8617,2.9475,-3.511,-0.5252,-0.3242,-2.9129,-0.3886,0.0329,3.385,2.4586,-0.6842,2.6266,-0.8143,-0.1949,-0.5765,-1.0409,6.6746,1.6331,1.2993,0.1862,-0.6716,0.2403,-1.0,-1.0,-1.0,-1.0,-1.0,-1.0,-1.0,-1.0,-1.0,-1.0,-1.0,-1.0,-1.0,-1.0,-1.0,-1.0,-1.0,-1.0,-1.0,-1.0,-1.0,-1.0,-1.0,-1.0,-1.0,-1.0,-1.0,-1.0,-1.0,-1.0,-1.0,-1.0,-1.0,-1.0,-1.0,-1.0,-1.0,-1.0,-1.0,-1.0,-1.0,-1.0,-1.0,-1.0,-1.0,-1.0,-1.0,-1.0,-1.0,-1.0,-1.0,-1.0,-1.0,-1.0,-1.0,-1.0,-1.0,-1.0,-1.0,-1.0,-1.0,-1.0,-1.0,5.992490261145079,-1.5114432220527223,2.307514024042117
137,0.274,0.9986115656118129,-0.33613135951362955,1.4285492087540297,5.992490261145079,-1.5114432220527223,-0.36080597595788344,0.05591862360523568,0.0756,0.0439,0.7992,0.9092,0.1586,0.375,0.0872,-0.2151,-1.4181,-0.3169,0.0373,0.538,0.0726,-0.2192,-1.9828,-0.3561,1.6212,-0.1585,0.0271,0.422,0.2431,0.3268,0.101,0.7187,-0.0417,-0.0278,-0.0779,0.273,-0.8606,-0.0481,-0.12,0.0658,0.0306,0.1548,-0.6326,-0.2591,-0.6009,-0.247,4.2463,-0.4963,-2.6273,-5.1559,4.1945,-0.1144,0.1292,-0.9456,3.0213,-3.3501,-0.5555,-0.5479,-3.125,-0.4515,0.0337,3.2169,2.3368,-0.8125,2.7037,-0.8169,-0.1921,-0.5787,-1.2629,6.7875,1.5421,1.7396,0.102,-0.6887,0.2185,-1.0,-1.0,-1.0,-1.0,-1.0,-1.0,-1.0,-1.0,-1.0,-1.0,-1.0,-1.0,-1.0,-1.0,-1.0,-1.0,-1.0,-1.0,-1.0,-1.0,-1.0,-1.0,-1.0,-1.0,-1.0,-1.0,-1.0,-1.0,-1.0,-1.0,-1.0,-1.0,-1.0,-1.0,-1.0,-1.0,-1.0,-1.0,-1.0,-1.0,-1.0,-1.0,-1.0,-1.0,-1.0,-1.0,-1.0,-1.0,-1.0,-1.0,-1.0,-1.0,-1.0,-1.0,-1.0,-1.0,-1.0,-1.0,-1.0,-1.0,-1.0,-1.0,-1.0,5.992490261145079,-1.5114432220527223,2.307514024042117
138,0.276,1.010596546134103,-0.339154245957735,1.4278079768021137,5.992490261145079,-1.5114432220527223,-0.3804259759578832,0.05591862360523568,0.0743,0.0434,0.7981,0.9077,0.1578,0.3789,0.0875,-0.2208,-1.4285,-0.3079,0.0373,0.5382,0.0705,-0.2131,-1.9889,-0.3571,1.619,-0.1643,0.0262,0.4221,0.2491,0.3313,0.099,0.7245,-0.0433,-0.0281,-0.0791,0.27,-0.8468,-0.0452,-0.1157,0.0658,0.0292,0.1552,-0.6428,-0.2707,-0.5678,-0.2754,4.2431,-0.5291,-2.8956,-5.1959,4.5149,0.0264,0.0976,-1.0221,3.0809,-3.033,-0.5207,-1.0979,-2.8979,-0.48,0.0476,3.0146,2.2199,-0.9962,2.8773,-0.8135,-0.1757,-0.5812,-1.536,6.8897,1.4602,2.1827,0.0172,-0.6975,0.1971,-1.0,-1.0,-1.0,-1.0,-1.0,-1.0,-1.0,-1.0,-1.0,-1.0,-1.0,-1.0,-1.0,-1.0,-1.0,-1.0,-1.0,-1.0,-1.0,-1.0,-1.0,-1.0,-1.0,-1.0,-1.0,-1.0,-1.0,-1.0,-1.0,-1.0,-1.0,-1.0,-1.0,-1.0,-1.0,-1.0,-1.0,-1.0,-1.0,-1.0,-1.0,-1.0,-1.0,-1.0,-1.0,-1.0,-1.0,-1.0,-1.0,-1.0,-1.0,-1.0,-1.0,-1.0,-1.0,-1.0,-1.0,-1.0,-1.0,-1.0,-1.0,-1.0,-1.0,5.992490261145079,-1.5114432220527223,2.307514024042117
139,0.278,1.0225815266563933,-0.34217713240184044,1.4270275048501984,5.992490261145079,-1.5114432220527223,-0.4000459759578834,0.05591862360523568,0.073,0.0428,0.797,0.9062,0.1569,0.3828,0.0877,-0.2272,-1.439,-0.2982,0.0377,0.5383,0.0684,-0.2068,-1.9945,-0.358,1.6161,-0.1706,0.025,0.4223,0.2548,0.3355,0.0966,0.7306,-0.045,-0.0284,-0.0802,0.2663,-0.8329,-0.0425,-0.1104,0.0657,0.0278,0.1555,-0.6536,-0.2816,-0.5342,-0.3035,4.2411,-0.5941,-3.1527,-5.2423,4.853,0.1816,0.0677,-1.0832,3.1131,-2.8033,-0.4387,-1.4706,-3.146,-0.5826,0.0718,2.8171,2.1018,-1.202,3.0764,-0.8088,-0.1568,-0.5844,-1.8302,6.973,1.3805,2.6196,-0.0673,-0.7033,0.1771,-1.0,-1.0,-1.0,-1.0,-1.0,-1.0,-1.0,-1.0,-1.0,-1.0,-1.0,-1.0,-1.0,-1.0,-1.0,-1.0,-1.0,-1.0,-1.0,-1.0,-1.0,-1.0,-1.0,-1.0,-1.0,-1.0,-1.0,-1.0,-1.0,-1.0,-1.0,-1.0,-1.0,-1.0,-1.0,-1.0,-1.0,-1.0,-1.0,-1.0,-1.0,-1.0,-1.0,-1.0,-1.0,-1.0,-1.0,-1.0,-1.0,-1.0,-1.0,-1.0,-1.0,-1.0,-1.0,-1.0,-1.0,-1.0,-1.0,-1.0,-1.0,-1.0,-1.0,5.992490261145079,-1.5114432220527223,2.307514024042117
140,0.28,1.0345665071786834,-0.3452000188459459,1.4262077928982824,5.992490261145079,-1.5114432220527223,-0.4196659759578836,0.05591862360523568,0.0717,0.0422,0.796,0.9046,0.156,0.3867,0.0879,-0.234,-1.4496,-0.2878,0.0384,0.5384,0.0661,-0.2005,-1.9996,-0.3587,1.6124,-0.1773,0.0237,0.4225,0.26,0.3395,0.0937,0.7372,-0.0466,-0.0287,-0.0814,0.262,-0.8188,-0.0399,-0.1043,0.0654,0.0264,0.1558,-0.6642,-0.293,-0.5014,-0.3331,4.2384,-0.6732,-3.4027,-5.2904,5.1983,0.3473,0.0402,-1.131,3.1713,-2.5752,-0.3636,-1.8199,-3.3871,-0.6763,0.0882,2.6258,1.9864,-1.4297,3.2962,-0.803,-0.1359,-0.588,-2.1403,7.0415,1.3007,3.0481,-0.1514,-0.7065,0.1582,-1.0,-1.0,-1.0,-1.0,-1.0,-1.0,-1.0,-1.0,-1.0,-1.0,-1.0,-1.0,-1.0,-1.0,-1.0,-1.0,-1.0,-1.0,-1.0,-1.0,-1.0,-1.0,-1.0,-1.0,-1.0,-1.0,-1.0,-1.0,-1.0,-1.0,-1.0,-1.0,-1.0,-1.0,-1.0,-1.0,-1.0,-1.0,-1.0,-1.0,-1.0,-1.0,-1.0,-1.0,-1.0,-1.0,-1.0,-1.0,-1.0,-1.0,-1.0,-1.0,-1.0,-1.0,-1.0,-1.0,-1.0,-1.0,-1.0,-1.0,-1.0,-1.0,-1.0,5.992490261145079,-1.5114432220527223,2.307514024042117
141,0.282,1.0465514877009736,-0.34822290529005134,1.4253488409463666,5.992490261145079,-1.5114432220527223,-0.4392859759578833,0.05591862360523568,0.0703,0.0416,0.7951,0.9031,0.155,0.3907,0.088,-0.2412,-1.4603,-0.2767,0.0394,0.5384,0.0638,-0.194,-2.0043,-0.3594,1.6081,-0.1846,0.0221,0.4227,0.2649,0.3432,0.0904,0.7443,-0.0481,-0.0289,-0.0826,0.2571,-0.8046,-0.0374,-0.0974,0.0649,0.0249,0.1561,-0.6744,-0.3049,-0.4697,-0.3648,4.2344,-0.765,-3.6399,-5.3383,5.5448,0.5213,0.0158,-1.1659,3.2592,-2.3525,-0.304,-2.1427,-3.6209,-0.7602,0.095,2.4425,1.8697,-1.6606,3.5321,-0.7961,-0.1133,-0.5922,-2.4644,7.0963,1.2195,3.4681,-0.2353,-0.7078,0.1403,-1.0,-1.0,-1.0,-1.0,-1.0,-1.0,-1.0,-1.0,-1.0,-1.0,-1.0,-1.0,-1.0,-1.0,-1.0,-1.0,-1.0,-1.0,-1.0,-1.0,-1.0,-1.0,-1.0,-1.0,-1.0,-1.0,-1.0,-1.0,-1.0,-1.0,-1.0,-1.0,-1.0,-1.0,-1.0,-1.0,-1.0,-1.0,-1.0,-1.0,-1.0,-1.0,-1.0,-1.0,-1.0,-1.0,-1.0,-1.0,-1.0,-1.0,-1.0,-1.0,-1.0,-1.0,-1.0,-1.0,-1.0,-1.0,-1.0,-1.0,-1.0,-1.0,-1.0,5.992490261145079,-1.5114432220527223,2.307514024042117
142,0.284,1.0585364682232636,-0.35124579173415676,1.4244506489944508,5.992490261145079,-1.5114432220527223,-0.4589059759578835,0.05591862360523568,0.0689,0.041,0.7942,0.9016,0.1539,0.3946,0.0881,-0.2491,-1.471,-0.2649,0.0408,0.5384,0.0614,-0.1872,-2.0087,-0.3601,1.6033,-0.1922,0.0205,0.4227,0.2695,0.3467,0.0866,0.7519,-0.0497,-0.0291,-0.0838,0.2513,-0.7904,-0.0351,-0.0896,0.0642,0.0235,0.1563,-0.685,-0.3162,-0.4393,-0.395,4.2231,-0.8269,-3.9343,-5.3809,5.9173,0.6974,-0.0072,-1.187,3.3935,-2.1685,-0.3557,-2.4032,-3.8388,-0.8202,0.0202,2.2774,1.7424,-1.8788,3.815,-0.7821,-0.0902,-0.5952,-2.886,7.0995,1.1429,3.8959,-0.3243,-0.714,0.1193,-1.0,-1.0,-1.0,-1.0,-1.0,-1.0,-1.0,-1.0,-1.0,-1.0,-1.0,-1.0,-1.0,-1.0,-1.0,-1.0,-1.0,-1.0,-1.0,-1.0,-1.0,-1.0,-1.0,-1.0,-1.0,-1.0,-1.0,-1.0,-1.0,-1.0,-1.0,-1.0,-1.0,-1.0,-1.0,-1.0,-1.0,-1.0,-1.0,-1.0,-1.0,-1.0,-1.0,-1.0,-1.0,-1.0,-1.0,-1.0,-1.0,-1.0,-1.0,-1.0,-1.0,-1.0,-1.0,-1.0,-1.0,-1.0,-1.0,-1.0,-1.0,-1.0,-1.0,5.992490261145079,-1.5114432220527223,2.307514024042117
143,0.286,1.0705214487455539,-0.35426867817826224,1.423513217042535,5.992490261145079,-1.5114432220527223,-0.47852597595788327,0.05591862360523568,0.0675,0.0403,0.7934,0.9001,0.1528,0.3985,0.0881,-0.2576,-1.4819,-0.2523,0.0426,0.5383,0.059,-0.1802,-2.0126,-0.3608,1.598,-0.2004,0.0188,0.4226,0.2737,0.3499,0.0824,0.7602,-0.0512,-0.0292,-0.085,0.2447,-0.7762,-0.033,-0.081,0.0634,0.0221,0.1565,-0.6954,-0.3275,-0.4091,-0.4233,4.2114,-0.9005,-4.232,-5.4275,6.3035,0.8857,-0.0286,-1.1974,3.5229,-1.9764,-0.3838,-2.669,-4.0568,-0.8774,-0.0576,2.113,1.609,-2.092,4.1281,-0.7672,-0.0663,-0.5989,-3.3205,7.0919,1.0706,4.3163,-0.4124,-0.7192,0.0993,-1.0,-1.0,-1.0,-1.0,-1.0,-1.0,-1.0,-1.0,-1.0,-1.0,-1.0,-1.0,-1.0,-1.0,-1.0,-1.0,-1.0,-1.0,-1.0,-1.0,-1.0,-1.0,-1.0,-1.0,-1.0,-1.0,-1.0,-1.0,-1.0,-1.0,-1.0,-1.0,-1.0,-1.0,-1.0,-1.0,-1.0,-1.0,-1.0,-1.0,-1.0,-1.0,-1.0,-1.0,-1.0,-1.0,-1.0,-1.0,-1.0,-1.0,-1.0,-1.0,-1.0,-1.0,-1.0,-1.0,-1.0,-1.0,-1.0,-1.0,-1.0,-1.0,-1.0,5.992490261145079,-1.5114432220527223,2.307514024042117
144,0.288,1.0825064292678441,-0.35729156462236766,1.4225365450906193,5.992490261145079,-1.5114432220527223,-0.49814597595788346,0.05591862360523568,0.0661,0.0396,0.7926,0.8985,0.1516,0.4023,0.088,-0.2666,-1.4928,-0.2389,0.0448,0.5382,0.0566,-0.1729,-2.0162,-0.3616,1.5921,-0.2089,0.0169,0.4223,0.2776,0.3528,0.0778,0.7691,-0.0528,-0.0293,-0.0862,0.2372,-0.7621,-0.031,-0.0715,0.0624,0.0206,0.1567,-0.7057,-0.3386,-0.3787,-0.4496,4.1997,-0.9865,-4.5334,-5.4782,6.7046,1.0851,-0.0481,-1.1972,3.6485,-1.7746,-0.3888,-2.9435,-4.2792,-0.9317,-0.1358,1.9475,1.4691,-2.301,4.4719,-0.7515,-0.0417,-0.6031,-3.7653,7.0755,1.0021,4.7296,-0.4995,-0.7235,0.0803,-1.0,-1.0,-1.0,-1.0,-1.0,-1.0,-1.0,-1.0,-1.0,-1.0,-1.0,-1.0,-1.0,-1.0,-1.0,-1.0,-1.0,-1.0,-1.0,-1.0,-1.0,-1.0,-1.0,-1.0,-1.0,-1.0,-1.0,-1.0,-1.0,-1.0,-1.0,-1.0,-1.0,-1.0,-1.0,-1.0,-1.0,-1.0,-1.0,-1.0,-1.0,-1.0,-1.0,-1.0,-1.0,-1.0,-1.0,-1.0,-1.0,-1.0,-1.0,-1.0,-1.0,-1.0,-1.0,-1.0,-1.0,-1.0,-1.0,-1.0,-1.0,-1.0,-1.0,5.992490261145079,-1.5114432220527223,2.307514024042117
145,0.29,1.0944914097901342,-0.36031445106647314,1.4215206331387034,5.992490261145079,-1.5114432220527223,-0.5177659759578837,0.05591862360523568,0.0647,0.0389,0.7919,0.897,0.1504,0.4062,0.0878,-0.2763,-1.5039,-0.2246,0.0474,0.5381,0.0543,-0.1653,-2.0193,-0.3623,1.5856,-0.2179,0.0149,0.4219,0.2811,0.3555,0.0728,0.7788,-0.0542,-0.0294,-0.0874,0.2287,-0.748,-0.0291,-0.0612,0.0612,0.0192,0.1568,-0.7158,-0.3497,-0.3483,-0.4736,4.188,-1.0854,-4.8349,-5.5324,7.118,1.2935,-0.0655,-1.185,3.7711,-1.5612,-0.3707,-3.2306,-4.5081,-0.9826,-0.2117,1.7789,1.3229,-2.5065,4.8474,-0.7352,-0.0165,-0.6079,-4.218,7.0523,0.9371,5.1361,-0.5857,-0.7261,0.0621,-1.0,-1.0,-1.0,-1.0,-1.0,-1.0,-1.0,-1.0,-1.0,-1.0,-1.0,-1.0,-1.0,-1.0,-1.0,-1.0,-1.0,-1.0,-1.0,-1.0,-1.0,-1.0,-1.0,-1.0,-1.0,-1.0,-1.0,-1.0,-1.0,-1.0,-1.0,-1.0,-1.0,-1.0,-1.0,-1.0,-1.0,-1.0,-1.0,-1.0,-1.0,-1.0,-1.0,-1.0,-1.0,-1.0,-1.0,-1.0,-1.0,-1.0,-1.0,-1.0,-1.0,-1.0,-1.0,-1.0,-1.0,-1.0,-1.0,-1.0,-1.0,-1.0,-1.0,5.992490261145079,-1.5114432220527223,2.307514024042117
146,0.292,1.1064763903124242,-0.3633373375105785,1.4204654811867876,5.992490261145079,-1.5114432220527223,-0.537385975957883,0.05591862360523568,0.0633,0.0382,0.7913,0.8955,0.1491,0.4101,0.0876,-0.2866,-1.5152,-0.2097,0.0506,0.5379,0.0519,-0.1575,-2.0219,-0.3632,1.5786,-0.2276,0.0126,0.421,0.2846,0.3578,0.0674,0.7892,-0.0556,-0.0294,-0.0886,0.2191,-0.7339,-0.0274,-0.0502,0.0599,0.0177,0.1569,-0.7243,-0.3595,-0.3227,-0.5041,4.1634,-1.1532,-5.1263,-5.6327,7.4905,1.6203,-0.1017,-1.1602,3.9269,-1.3119,-0.4235,-3.5239,-4.8429,-1.1579,-0.456,1.7161,1.15,-2.6852,5.1807,-0.7035,-0.0013,-0.603,-4.8003,7.0117,0.8775,5.5415,-0.6636,-0.7416,0.0374,-1.0,-1.0,-1.0,-1.0,-1.0,-1.0,-1.0,-1.0,-1.0,-1.0,-1.0,-1.0,-1.0,-1.0,-1.0,-1.0,-1.0,-1.0,-1.0,-1.0,-1.0,-1.0,-1.0,-1.0,-1.0,-1.0,-1.0,-1.0,-1.0,-1.0,-1.0,-1.0,-1.0,-1.0,-1.0,-1.0,-1.0,-1.0,-1.0,-1.0,-1.0,-1.0,-1.0,-1.0,-1.0,-1.0,-1.0,-1.0,-1.0,-1.0,-1.0,-1.0,-1.0,-1.0,-1.0,-1.0,-1.0,-1.0,-1.0,-1.0,-1.0,-1.0,-1.0,5.992490261145079,-1.5114432220527223,2.307514024042117
147,0.294,1.1184613708347142,-0.36636022395468393,1.4193710892348719,5.992490261145079,-1.5114432220527223,-0.5570059759578831,0.05591862360523568,0.0618,0.0375,0.7907,0.894,0.1478,0.4139,0.0874,-0.2973,-1.5266,-0.194,0.0545,0.5376,0.0497,-0.1492,-2.024,-0.3642,1.5709,-0.238,0.01,0.4196,0.2879,0.3597,0.0617,0.8003,-0.057,-0.0293,-0.0898,0.2083,-0.72,-0.0257,-0.0383,0.0584,0.0162,0.1569,-0.7321,-0.3688,-0.2974,-0.5302,4.1349,-1.2476,-5.3662,-5.718,7.8363,1.9246,-0.1332,-1.1277,4.1121,-1.0547,-0.482,-3.8281,-5.1839,-1.3081,-0.6796,1.6488,0.9706,-2.8632,5.5448,-0.672,0.0151,-0.5997,-5.3916,6.9668,0.8284,5.9458,-0.7416,-0.7537,0.0144,-1.0,-1.0,-1.0,-1.0,-1.0,-1.0,-1.0,-1.0,-1.0,-1.0,-1.0,-1.0,-1.0,-1.0,-1.0,-1.0,-1.0,-1.0,-1.0,-1.0,-1.0,-1.0,-1.0,-1.0,-1.0,-1.0,-1.0,-1.0,-1.0,-1.0,-1.0,-1.0,-1.0,-1.0,-1.0,-1.0,-1.0,-1.0,-1.0,-1.0,-1.0,-1.0,-1.0,-1.0,-1.0,-1.0,-1.0,-1.0,-1.0,-1.0,-1.0,-1.0,-1.0,-1.0,-1.0,-1.0,-1.0,-1.0,-1.0,-1.0,-1.0,-1.0,-1.0,5.992490261145079,-1.5114432220527223,2.307514024042117
148,0.296,1.1304463513570044,-0.3693831103987894,1.4182374572829564,5.992490261145079,-1.5114432220527223,-0.5766259759578829,0.05591862360523568,0.0603,0.0367,0.7901,0.8925,0.1463,0.4177,0.087,-0.3084,-1.5382,-0.1777,0.0589,0.5373,0.0475,-0.1406,-2.0256,-0.3652,1.5627,-0.2491,0.0072,0.4179,0.291,0.3613,0.0556,0.8121,-0.0583,-0.0293,-0.091,0.1964,-0.7062,-0.0241,-0.0256,0.0568,0.0147,0.1569,-0.7394,-0.3773,-0.2719,-0.5519,4.1035,-1.368,-5.5538,-5.7857,8.1541,2.1984,-0.1589,-1.0833,4.3234,-0.7987,-0.5431,-4.134,-5.5379,-1.4172,-0.8749,1.573,0.785,-3.0416,5.9274,-0.6404,0.0328,-0.5976,-5.982,6.9166,0.7849,6.3491,-0.8197,-0.7645,-0.0071,-1.0,-1.0,-1.0,-1.0,-1.0,-1.0,-1.0,-1.0,-1.0,-1.0,-1.0,-1.0,-1.0,-1.0,-1.0,-1.0,-1.0,-1.0,-1.0,-1.0,-1.0,-1.0,-1.0,-1.0,-1.0,-1.0,-1.0,-1.0,-1.0,-1.0,-1.0,-1.0,-1.0,-1.0,-1.0,-1.0,-1.0,-1.0,-1.0,-1.0,-1.0,-1.0,-1.0,-1.0,-1.0,-1.0,-1.0,-1.0,-1.0,-1.0,-1.0,-1.0,-1.0,-1.0,-1.0,-1.0,-1.0,-1.0,-1.0,-1.0,-1.0,-1.0,-1.0,5.992490261145079,-1.5114432220527223,2.307514024042117
149,0.298,1.1424313318792947,-0.3724059968428948,1.4170645853310404,5.992490261145079,-1.5114432220527223,-0.5962459759578831,0.05591862360523568,0.0588,0.036,0.7896,0.891,0.1449,0.4215,0.0865,-0.3198,-1.5499,-0.1608,0.0637,0.537,0.0455,-0.1315,-2.0267,-0.3665,1.5538,-0.2608,0.0042,0.4158,0.294,0.3625,0.0492,0.8247,-0.0595,-0.0292,-0.0922,0.1833,-0.6925,-0.0226,-0.0121,0.055,0.0131,0.1569,-0.7465,-0.385,-0.2462,-0.5684,4.0703,-1.5107,-5.6908,-5.8391,8.4393,2.4289,-0.1771,-1.0016,4.5561,-0.5403,-0.6088,-4.4535,-5.8829,-1.4768,-1.0381,1.4886,0.5931,-3.2214,6.3037,-0.609,0.0521,-0.5966,-6.5624,6.8595,0.7421,6.7511,-0.898,-0.7747,-0.0274,-1.0,-1.0,-1.0,-1.0,-1.0,-1.0,-1.0,-1.0,-1.0,-1.0,-1.0,-1.0,-1.0,-1.0,-1.0,-1.0,-1.0,-1.0,-1.0,-1.0,-1.0,-1.0,-1.0,-1.0,-1.0,-1.0,-1.0,-1.0,-1.0,-1.0,-1.0,-1.0,-1.0,-1.0,-1.0,-1.0,-1.0,-1.0,-1.0,-1.0,-1.0,-1.0,-1.0,-1.0,-1.0,-1.0,-1.0,-1.0,-1.0,-1.0,-1.0,-1.0,-1.0,-1.0,-1.0,-1.0,-1.0,-1.0,-1.0,-1.0,-1.0,-1.0,-1.0,5.992490261145079,-1.5114432220527223,2.307514024042117
150,0.3,1.1544163124015847,-0.3754288832870003,1.4158524733791247,5.992490261145079,-1.5114432220527223,-0.6158659759578828,0.05591862360523568,0.0573,0.0352,0.7892,0.8895,0.1433,0.4253,0.0859,-0.3315,-1.5616,-0.1434,0.069,0.5366,0.0437,-0.122,-2.0274,-0.3678,1.5445,-0.273,0.0012,0.4132,0.297,0.3633,0.0424,0.838,-0.0606,-0.029,-0.0934,0.1689,-0.6789,-0.0212,0.0022,0.053,0.0115,0.1568,-0.7509,-0.3936,-0.2291,-0.5951,4.013,-1.5907,-5.8359,-5.8648,8.6761,2.6445,-0.1826,-0.9214,4.7162,-0.3632,-0.6874,-4.6206,-6.093,-1.5249,-1.3021,1.508,0.4119,-3.3987,6.6135,-0.5686,0.083,-0.5934,-7.161,6.7842,0.7127,7.155,-0.9823,-0.7895,-0.0474,-1.0,-1.0,-1.0,-1.0,-1.0,-1.0,-1.0,-1.0,-1.0,-1.0,-1.0,-1.0,-1.0,-1.0,-1.0,-1.0,-1.0,-1.0,-1.0,-1.0,-1.0,-1.0,-1.0,-1.0,-1.0,-1.0,-1.0,-1.0,-1.0,-1.0,-1.0,-1.0,-1.0,-1.0,-1.0,-1.0,-1.0,-1.0,-1.0,-1.0,-1.0,-1.0,-1.0,-1.0,-1.0,-1.0,-1.0,-1.0,-1.0,-1.0,-1.0,-1.0,-1.0,-1.0,-1.0,-1.0,-1.0,-1.0,-1.0,-1.0,-1.0,-1.0,-1.0,5.992490261145079,-1.5114432220527223,2.307514024042117
151,0.302,1.166401292923875,-0.3784517697311057,1.414601121427209,5.992490261145079,-1.5114432220527223,-0.635485975957883,0.05591862360523568,0.0558,0.0344,0.7887,0.888,0.1417,0.429,0.0852,-0.3433,-1.5733,-0.1257,0.0747,0.5362,0.0419,-0.1123,-2.0278,-0.3693,1.5349,-0.2856,-0.002,0.4101,0.3,0.3638,0.0352,0.8518,-0.0617,-0.0288,-0.0946,0.1535,-0.6655,-0.0198,0.0174,0.0509,0.0099,0.1566,-0.7544,-0.4011,-0.2123,-0.6183,3.9529,-1.685,-5.9352,-5.8801,8.8835,2.8642,-0.1875,-0.891,4.8785,-0.1676,-0.7532,-4.8203,-6.3085,-1.5599,-1.5419,1.5213,0.2247,-3.5774,6.9171,-0.5276,0.1152,-0.5908,-7.7304,6.7093,0.6993,7.5537,-1.0655,-0.8024,-0.0663,-1.0,-1.0,-1.0,-1.0,-1.0,-1.0,-1.0,-1.0,-1.0,-1.0,-1.0,-1.0,-1.0,-1.0,-1.0,-1.0,-1.0,-1.0,-1.0,-1.0,-1.0,-1.0,-1.0,-1.0,-1.0,-1.0,-1.0,-1.0,-1.0,-1.0,-1.0,-1.0,-1.0,-1.0,-1.0,-1.0,-1.0,-1.0,-1.0,-1.0,-1.0,-1.0,-1.0,-1.0,-1.0,-1.0,-1.0,-1.0,-1.0,-1.0,-1.0,-1.0,-1.0,-1.0,-1.0,-1.0,-1.0,-1.0,-1.0,-1.0,-1.0,-1.0,-1.0,5.992490261145079,-1.5114432220527223,2.307514024042117
152,0.304,1.1783862734461652,-0.3814746561752112,1.4133105294752932,5.992490261145079,-1.5114432220527223,-0.6551059759578832,0.05591862360523568,0.0543,0.0336,0.7884,0.8866,0.14,0.4326,0.0844,-0.3553,-1.5851,-0.1076,0.0808,0.5358,0.0402,-0.1022,-2.0277,-0.3709,1.5247,-0.2987,-0.0051,0.4066,0.3031,0.3638,0.0277,0.8662,-0.0626,-0.0285,-0.0958,0.1369,-0.6522,-0.0184,0.0333,0.0486,0.0083,0.1565,-0.7574,-0.4073,-0.1949,-0.6363,3.8919,-1.7958,-5.9923,-5.8856,9.0619,3.0579,-0.1933,-0.8437,5.0406,0.0562,-0.7985,-5.069,-6.5448,-1.5803,-1.7568,1.5276,0.03,-3.7578,7.216,-0.4862,0.1485,-0.5886,-8.273,6.6364,0.7038,7.9473,-1.1477,-0.813,-0.0841,-1.0,-1.0,-1.0,-1.0,-1.0,-1.0,-1.0,-1.0,-1.0,-1.0,-1.0,-1.0,-1.0,-1.0,-1.0,-1.0,-1.0,-1.0,-1.0,-1.0,-1.0,-1.0,-1.0,-1.0,-1.0,-1.0,-1.0,-1.0,-1.0,-1.0,-1.0,-1.0,-1.0,-1.0,-1.0,-1.0,-1.0,-1.0,-1.0,-1.0,-1.0,-1.0,-1.0,-1.0,-1.0,-1.0,-1.0,-1.0,-1.0,-1.0,-1.0,-1.0,-1.0,-1.0,-1.0,-1.0,-1.0,-1.0,-1.0,-1.0,-1.0,-1.0,-1.0,5.992490261145079,-1.5114432220527223,2.307514024042117
153,0.306,1.1903712539684552,-0.3844975426193166,1.4119806975233773,5.992490261145079,-1.5114432220527223,-0.674725975957883,0.05591862360523568,0.0528,0.0327,0.788,0.8852,0.1383,0.4363,0.0835,-0.3674,-1.5968,-0.0891,0.0872,0.5354,0.0389,-0.0918,-2.027,-0.3726,1.514,-0.3124,-0.0083,0.4027,0.3062,0.3635,0.0198,0.8813,-0.0635,-0.0281,-0.0969,0.1193,-0.6391,-0.0169,0.0499,0.0461,0.0066,0.1563,-0.7588,-0.4129,-0.1789,-0.6533,3.8281,-1.9442,-6.0238,-5.8544,9.2488,3.1651,-0.2093,-0.6603,5.2138,0.3251,-0.8057,-5.3775,-6.8199,-1.5842,-1.9308,1.5325,-0.1681,-3.9393,7.51,-0.4444,0.1823,-0.5869,-8.7929,6.5728,0.7298,8.3376,-1.2289,-0.8213,-0.1007,-1.0,-1.0,-1.0,-1.0,-1.0,-1.0,-1.0,-1.0,-1.0,-1.0,-1.0,-1.0,-1.0,-1.0,-1.0,-1.0,-1.0,-1.0,-1.0,-1.0,-1.0,-1.0,-1.0,-1.0,-1.0,-1.0,-1.0,-1.0,-1.0,-1.0,-1.0,-1.0,-1.0,-1.0,-1.0,-1.0,-1.0,-1.0,-1.0,-1.0,-1.0,-1.0,-1.0,-1.0,-1.0,-1.0,-1.0,-1.0,-1.0,-1.0,-1.0,-1.0,-1.0,-1.0,-1.0,-1.0,-1.0,-1.0,-1.0,-1.0,-1.0,-1.0,-1.0,5.992490261145079,-1.5114432220527223,2.307514024042117
154,0.308,1.2023562344907455,-0.38752042906342204,1.4106116255714616,5.992490261145079,-1.5114432220527223,-0.6943459759578832,0.05591862360523568,0.0513,0.0319,0.7877,0.8838,0.1365,0.4398,0.0826,-0.3794,-1.6084,-0.0705,0.0937,0.5349,0.0378,-0.081,-2.0259,-0.3744,1.5027,-0.3267,-0.0114,0.3983,0.3092,0.3627,0.0116,0.897,-0.0643,-0.0277,-0.0981,0.1007,-0.626,-0.0155,0.0674,0.0435,0.005,0.156,-0.7571,-0.4162,-0.1666,-0.6664,3.7392,-2.0002,-6.0042,-5.7991,9.2909,3.2603,-0.2618,-0.5353,5.3816,0.5814,-0.9447,-5.6343,-7.1514,-1.5758,-2.2173,1.501,-0.3698,-4.1199,7.8511,-0.3982,0.2199,-0.5857,-9.3121,6.5242,0.7252,8.7343,-1.3142,-0.828,-0.1152,-1.0,-1.0,-1.0,-1.0,-1.0,-1.0,-1.0,-1.0,-1.0,-1.0,-1.0,-1.0,-1.0,-1.0,-1.0,-1.0,-1.0,-1.0,-1.0,-1.0,-1.0,-1.0,-1.0,-1.0,-1.0,-1.0,-1.0,-1.0,-1.0,-1.0,-1.0,-1.0,-1.0,-1.0,-1.0,-1.0,-1.0,-1.0,-1.0,-1.0,-1.0,-1.0,-1.0,-1.0,-1.0,-1.0,-1.0,-1.0,-1.0,-1.0,-1.0,-1.0,-1.0,-1.0,-1.0,-1.0,-1.0,-1.0,-1.0,-1.0,-1.0,-1.0,-1.0,5.992490261145079,-1.5114432220527223,2.307514024042117
155,0.31,1.2143412150130357,-0.3905433155075275,1.4092033136195459,5.992490261145079,-1.5114432220527223,-0.7139659759578829,0.05591862360523568,0.0498,0.0311,0.7874,0.8825,0.1347,0.4432,0.0815,-0.3913,-1.6199,-0.0519,0.1004,0.5343,0.037,-0.0699,-2.0242,-0.3766,1.4909,-0.3416,-0.0146,0.3933,0.3121,0.3616,0.003,0.9133,-0.065,-0.0271,-0.0993,0.0811,-0.613,-0.0141,0.0857,0.0407,0.0033,0.1558,-0.755,-0.4184,-0.1551,-0.6766,3.6455,-2.0421,-5.9495,-5.7437,9.2834,3.3566,-0.3134,-0.4148,5.5457,0.8389,-1.1005,-5.8963,-7.4843,-1.5608,-2.5114,1.4623,-0.5756,-4.3028,8.1883,-0.352,0.2579,-0.5849,-9.8058,6.4792,0.7189,9.1299,-1.3981,-0.8342,-0.1286,-1.0,-1.0,-1.0,-1.0,-1.0,-1.0,-1.0,-1.0,-1.0,-1.0,-1.0,-1.0,-1.0,-1.0,-1.0,-1.0,-1.0,-1.0,-1.0,-1.0,-1.0,-1.0,-1.0,-1.0,-1.0,-1.0,-1.0,-1.0,-1.0,-1.0,-1.0,-1.0,-1.0,-1.0,-1.0,-1.0,-1.0,-1.0,-1.0,-1.0,-1.0,-1.0,-1.0,-1.0,-1.0,-1.0,-1.0,-1.0,-1.0,-1.0,-1.0,-1.0,-1.0,-1.0,-1.0,-1.0,-1.0,-1.0,-1.0,-1.0,-1.0,-1.0,-1.0,5.992490261145079,-1.5114432220527223,2.307514024042117
156,0.312,1.2263261955353257,-0.39356620195163294,1.4077557616676302,5.992490261145079,-1.5114432220527223,-0.7335859759578831,0.05591862360523568,0.0482,0.0302,0.7871,0.8812,0.1329,0.4466,0.0805,-0.403,-1.6313,-0.0334,0.1073,0.5335,0.0364,-0.0585,-2.022,-0.3792,1.4786,-0.3573,-0.0176,0.3876,0.3149,0.36,-0.006,0.9304,-0.0656,-0.0266,-0.1004,0.0606,-0.6002,-0.0126,0.1046,0.0378,0.0016,0.1555,-0.7525,-0.4197,-0.1445,-0.6834,3.5484,-2.0676,-5.8656,-5.6907,9.23,3.4559,-0.3637,-0.298,5.7027,1.0971,-1.2712,-6.1666,-7.8188,-1.5399,-2.8165,1.4165,-0.7852,-4.4879,8.522,-0.3057,0.2965,-0.5843,-10.2692,6.4376,0.7114,9.4849,-1.4806,-0.8389,-0.1411,-1.0,-1.0,-1.0,-1.0,-1.0,-1.0,-1.0,-1.0,-1.0,-1.0,-1.0,-1.0,-1.0,-1.0,-1.0,-1.0,-1.0,-1.0,-1.0,-1.0,-1.0,-1.0,-1.0,-1.0,-1.0,-1.0,-1.0,-1.0,-1.0,-1.0,-1.0,-1.0,-1.0,-1.0,-1.0,-1.0,-1.0,-1.0,-1.0,-1.0,-1.0,-1.0,-1.0,-1.0,-1.0,-1.0,-1.0,-1.0,-1.0,-1.0,-1.0,-1.0,-1.0,-1.0,-1.0,-1.0,-1.0,-1.0,-1.0,-1.0,-1.0,-1.0,-1.0,5.992490261145079,-1.5114432220527223,2.307514024042117
157,0.314,1.238311176057616,-0.3965890883957384,1.4062689697157145,5.992490261145079,-1.5114432220527223,-0.7532059759578833,0.05591862360523568,0.0467,0.0294,0.7868,0.8799,0.1311,0.4498,0.0794,-0.4145,-1.6426,-0.0152,0.1144,0.5327,0.036,-0.0468,-2.0193,-0.3821,1.4657,-0.3736,-0.0207,0.3814,0.3176,0.358,-0.0153,0.9481,-0.0662,-0.0259,-0.1016,0.0392,-0.5874,-0.0112,0.1242,0.0346,0.0,0.1552,-0.7499,-0.42,-0.1345,-0.687,3.4486,-2.0738,-5.7581,-5.6413,9.1339,3.5597,-0.4126,-0.1843,5.8491,1.3572,-1.4551,-6.4486,-8.1554,-1.5136,-3.1366,1.3634,-0.9987,-4.6756,8.8531,-0.2594,0.3354,-0.584,-10.704,6.3997,0.7037,9.7995,-1.5618,-0.8425,-0.1528,-1.0,-1.0,-1.0,-1.0,-1.0,-1.0,-1.0,-1.0,-1.0,-1.0,-1.0,-1.0,-1.0,-1.0,-1.0,-1.0,-1.0,-1.0,-1.0,-1.0,-1.0,-1.0,-1.0,-1.0,-1.0,-1.0,-1.0,-1.0,-1.0,-1.0,-1.0,-1.0,-1.0,-1.0,-1.0,-1.0,-1.0,-1.0,-1.0,-1.0,-1.0,-1.0,-1.0,-1.0,-1.0,-1.0,-1.0,-1.0,-1.0,-1.0,-1.0,-1.0,-1.0,-1.0,-1.0,-1.0,-1.0,-1.0,-1.0,-1.0,-1.0,-1.0,-1.0,5.992490261145079,-1.5114432220527223,2.307514024042117
158,0.316,1.250296156579906,-0.39961197483984384,1.4047429377637988,5.992490261145079,-1.5114432220527223,-0.772825975957883,0.05591862360523568,0.0453,0.0285,0.7865,0.8786,0.1293,0.453,0.0784,-0.4256,-1.6537,0.0026,0.1218,0.5318,0.0359,-0.0348,-2.0161,-0.3855,1.4524,-0.3905,-0.0236,0.3745,0.3202,0.3556,-0.0251,0.9665,-0.0666,-0.0251,-0.1028,0.017,-0.5746,-0.0099,0.1444,0.0314,-0.0017,0.1549,-0.7441,-0.4195,-0.1303,-0.6928,3.3205,-2.0522,-5.529,-5.5754,8.8833,3.678,-0.4767,-0.067,5.9891,1.6015,-1.6793,-6.6617,-8.4768,-1.4713,-3.4479,1.2791,-1.2013,-4.8652,9.1879,-0.2102,0.3842,-0.5834,-11.0761,6.3678,0.6835,10.0815,-1.6326,-0.8325,-0.161,-1.0,-1.0,-1.0,-1.0,-1.0,-1.0,-1.0,-1.0,-1.0,-1.0,-1.0,-1.0,-1.0,-1.0,-1.0,-1.0,-1.0,-1.0,-1.0,-1.0,-1.0,-1.0,-1.0,-1.0,-1.0,-1.0,-1.0,-1.0,-1.0,-1.0,-1.0,-1.0,-1.0,-1.0,-1.0,-1.0,-1.0,-1.0,-1.0,-1.0,-1.0,-1.0,-1.0,-1.0,-1.0,-1.0,-1.0,-1.0,-1.0,-1.0,-1.0,-1.0,-1.0,-1.0,-1.0,-1.0,-1.0,-1.0,-1.0,-1.0,-1.0,-1.0,-1.0,5.992490261145079,-1.5114432220527223,2.307514024042117
159,0.318,1.2622811371021962,-0.4026348612839493,1.4031776658118829,5.992490261145079,-1.5114432220527223,-0.7924459759578832,0.05591862360523568,0.0438,0.0277,0.7863,0.8774,0.1275,0.456,0.0773,-0.4361,-1.6647,0.0197,0.1294,0.5307,0.036,-0.0226,-2.0124,-0.3893,1.4386,-0.4081,-0.0265,0.3669,0.3226,0.3528,-0.0352,0.9855,-0.0669,-0.0242,-0.1039,-0.0058,-0.562,-0.0085,0.165,0.028,-0.0033,0.1545,-0.7377,-0.4182,-0.1275,-0.6964,3.1862,-2.0087,-5.2639,-5.5072,8.5741,3.7985,-0.542,0.0472,6.1074,1.8495,-1.9066,-6.8813,-8.7952,-1.4228,-3.7711,1.1842,-1.4047,-5.0573,9.521,-0.1613,0.4331,-0.5832,-11.4143,6.3393,0.6597,10.3225,-1.7009,-0.8221,-0.1681,-1.0,-1.0,-1.0,-1.0,-1.0,-1.0,-1.0,-1.0,-1.0,-1.0,-1.0,-1.0,-1.0,-1.0,-1.0,-1.0,-1.0,-1.0,-1.0,-1.0,-1.0,-1.0,-1.0,-1.0,-1.0,-1.0,-1.0,-1.0,-1.0,-1.0,-1.0,-1.0,-1.0,-1.0,-1.0,-1.0,-1.0,-1.0,-1.0,-1.0,-1.0,-1.0,-1.0,-1.0,-1.0,-1.0,-1.0,-1.0,-1.0,-1.0,-1.0,-1.0,-1.0,-1.0,-1.0,-1.0,-1.0,-1.0,-1.0,-1.0,-1.0,-1.0,-1.0,5.992490261145079,-1.5114432220527223,2.307514024042117
160,0.32,1.2742661176244865,-0.40565774772805474,1.401573153859967,5.992490261145079,-1.5114432220527223,-0.812065975957883,0.05591862360523568,0.0423,0.0269,0.786,0.8763,0.1257,0.4588,0.0762,-0.4445,-1.6756,0.035,0.1373,0.5295,0.0363,-0.0099,-2.0081,-0.3934,1.4243,-0.4263,-0.0292,0.3591,0.3248,0.3496,-0.0457,1.0052,-0.0671,-0.0233,-0.1051,-0.0293,-0.5493,-0.0073,0.1861,0.0244,-0.005,0.1542,-0.7268,-0.4192,-0.1329,-0.7087,3.0288,-2.145,-4.201,-5.4159,7.6466,3.9338,-0.5913,0.142,6.3677,2.1452,-2.0719,-7.1342,-9.0898,-1.3641,-3.9346,1.1105,-1.5966,-5.249,9.8529,-0.1129,0.4822,-0.5833,-11.7396,6.3388,0.6444,10.5324,-1.767,-0.8074,-0.1742,-1.0,-1.0,-1.0,-1.0,-1.0,-1.0,-1.0,-1.0,-1.0,-1.0,-1.0,-1.0,-1.0,-1.0,-1.0,-1.0,-1.0,-1.0,-1.0,-1.0,-1.0,-1.0,-1.0,-1.0,-1.0,-1.0,-1.0,-1.0,-1.0,-1.0,-1.0,-1.0,-1.0,-1.0,-1.0,-1.0,-1.0,-1.0,-1.0,-1.0,-1.0,-1.0,-1.0,-1.0,-1.0,-1.0,-1.0,-1.0,-1.0,-1.0,-1.0,-1.0,-1.0,-1.0,-1.0,-1.0,-1.0,-1.0,-1.0,-1.0,-1.0,-1.0,-1.0,5.992490261145079,-1.5114432220527223,2.307514024042117
161,0.322,1.2862510981467765,-0.4086806341721602,1.3999294019080513,5.992490261145079,-1.5114432220527223,-0.8316859759578832,0.05591862360523568,0.0409,0.026,0.7857,0.8752,0.1238,0.4616,0.0749,-0.4511,-1.6862,0.0487,0.1454,0.5282,0.0367,0.0032,-2.0034,-0.3979,1.41,-0.4457,-0.0323,0.3508,0.3268,0.346,-0.0566,1.0256,-0.0673,-0.0222,-0.1063,-0.0534,-0.5366,-0.006,0.2075,0.0208,-0.0065,0.1538,-0.718,-0.4176,-0.1356,-0.7134,2.875,-2.2251,-3.3052,-5.3254,6.826,4.0602,-0.6436,0.2388,6.5627,2.3175,-2.22,-7.1788,-9.6921,-1.5304,-4.1463,1.0233,-1.7999,-5.4445,10.1821,-0.0647,0.5315,-0.5837,-12.0375,6.3315,0.6236,10.6997,-1.8312,-0.7909,-0.1795,-1.0,-1.0,-1.0,-1.0,-1.0,-1.0,-1.0,-1.0,-1.0,-1.0,-1.0,-1.0,-1.0,-1.0,-1.0,-1.0,-1.0,-1.0,-1.0,-1.0,-1.0,-1.0,-1.0,-1.0,-1.0,-1.0,-1.0,-1.0,-1.0,-1.0,-1.0,-1.0,-1.0,-1.0,-1.0,-1.0,-1.0,-1.0,-1.0,-1.0,-1.0,-1.0,-1.0,-1.0,-1.0,-1.0,-1.0,-1.0,-1.0,-1.0,-1.0,-1.0,-1.0,-1.0,-1.0,-1.0,-1.0,-1.0,-1.0,-1.0,-1.0,-1.0,-1.0,5.992490261145079,-1.5114432220527223,2.307514024042117
162,0.324,1.2982360786690668,-0.41170352061626564,1.3982464099561356,5.992490261145079,-1.5114432220527223,-0.8513059759578834,0.05591862360523568,0.0395,0.0252,0.7854,0.8743,0.122,0.4641,0.0737,-0.4562,-1.6967,0.0606,0.1542,0.5268,0.0375,0.0165,-2.0005,-0.4032,1.3983,-0.4611,-0.0372,0.3418,0.3287,0.342,-0.0678,1.0465,-0.0673,-0.021,-0.1074,-0.0778,-0.5239,-0.0048,0.229,0.0171,-0.008,0.1535,-0.698,-0.4119,-0.1491,-0.7559,2.6199,-2.1238,-2.5456,-5.2364,5.9515,4.4178,-0.718,0.3824,6.6209,1.472,-2.6579,-5.8486,-7.6996,-2.4626,-4.5029,0.9463,-1.9917,-5.6296,10.4647,-0.0184,0.5879,-0.5765,-12.2329,6.3427,0.614,10.7418,-1.8544,-0.7502,-0.183,-1.0,-1.0,-1.0,-1.0,-1.0,-1.0,-1.0,-1.0,-1.0,-1.0,-1.0,-1.0,-1.0,-1.0,-1.0,-1.0,-1.0,-1.0,-1.0,-1.0,-1.0,-1.0,-1.0,-1.0,-1.0,-1.0,-1.0,-1.0,-1.0,-1.0,-1.0,-1.0,-1.0,-1.0,-1.0,-1.0,-1.0,-1.0,-1.0,-1.0,-1.0,-1.0,-1.0,-1.0,-1.0,-1.0,-1.0,-1.0,-1.0,-1.0,-1.0,-1.0,-1.0,-1.0,-1.0,-1.0,-1.0,-1.0,-1.0,-1.0,-1.0,-1.0,-1.0,5.992490261145079,-1.5114432220527223,2.307514024042117
163,0.326,1.310221059191357,-0.4147264070603711,1.3965241780042197,5.992490261145079,-1.5114432220527223,-0.8709259759578831,0.05591862360523568,0.0381,0.0244,0.7851,0.8734,0.1202,0.4663,0.0726,-0.46,-1.707,0.071,0.1637,0.5252,0.0385,0.0297,-1.9992,-0.4094,1.389,-0.4727,-0.042,0.3321,0.3304,0.3377,-0.0795,1.068,-0.0672,-0.0198,-0.1086,-0.1026,-0.5112,-0.0036,0.2505,0.0133,-0.0095,0.1531,-0.6802,-0.4048,-0.158,-0.7868,2.3784,-2.0243,-1.9067,-5.132,5.1948,4.7182,-0.7895,0.5175,6.6227,0.6576,-3.1228,-4.6481,-5.7842,-2.3895,-4.8255,0.8407,-2.1909,-5.8202,10.7254,0.0272,0.6437,-0.5708,-12.3872,6.3484,0.5927,10.7628,-1.8768,-0.7077,-0.1852,-1.0,-1.0,-1.0,-1.0,-1.0,-1.0,-1.0,-1.0,-1.0,-1.0,-1.0,-1.0,-1.0,-1.0,-1.0,-1.0,-1.0,-1.0,-1.0,-1.0,-1.0,-1.0,-1.0,-1.0,-1.0,-1.0,-1.0,-1.0,-1.0,-1.0,-1.0,-1.0,-1.0,-1.0,-1.0,-1.0,-1.0,-1.0,-1.0,-1.0,-1.0,-1.0,-1.0,-1.0,-1.0,-1.0,-1.0,-1.0,-1.0,-1.0,-1.0,-1.0,-1.0,-1.0,-1.0,-1.0,-1.0,-1.0,-1.0,-1.0,-1.0,-1.0,-1.0,5.992490261145079,-1.5114432220527223,2.307514024042117
164,0.328,1.322206039713647,-0.41774929350447654,1.394762706052304,5.992490261145079,-1.5114432220527223,-0.8905459759578833,0.05591862360523568,0.0368,0.0236,0.7848,0.8726,0.1184,0.4684,0.0715,-0.4628,-1.717,0.0801,0.1735,0.5235,0.0398,0.043,-1.9991,-0.4164,1.3816,-0.4807,-0.0465,0.3219,0.3318,0.3329,-0.0915,1.0899,-0.0671,-0.0184,-0.1097,-0.1276,-0.4985,-0.0025,0.272,0.0095,-0.0108,0.1527,-0.664,-0.397,-0.161,-0.8088,2.1581,-1.9422,-1.3705,-4.9945,4.5538,4.9251,-0.8527,0.6348,6.6156,0.014,-3.5126,-3.7069,-4.006,-2.2932,-5.0871,0.6973,-2.3959,-6.0157,10.9627,0.0721,0.6983,-0.5666,-12.4941,6.3423,0.5603,10.7669,-1.8984,-0.6635,-0.1862,-1.0,-1.0,-1.0,-1.0,-1.0,-1.0,-1.0,-1.0,-1.0,-1.0,-1.0,-1.0,-1.0,-1.0,-1.0,-1.0,-1.0,-1.0,-1.0,-1.0,-1.0,-1.0,-1.0,-1.0,-1.0,-1.0,-1.0,-1.0,-1.0,-1.0,-1.0,-1.0,-1.0,-1.0,-1.0,-1.0,-1.0,-1.0,-1.0,-1.0,-1.0,-1.0,-1.0,-1.0,-1.0,-1.0,-1.0,-1.0,-1.0,-1.0,-1.0,-1.0,-1.0,-1.0,-1.0,-1.0,-1.0,-1.0,-1.0,-1.0,-1.0,-1.0,-1.0,5.992490261145079,-1.5114432220527223,2.307514024042117
165,0.33,1.3341910202359373,-0.420772179948582,1.3929619941003883,5.992490261145079,-1.5114432220527223,-0.9101659759578831,0.05591862360523568,0.0355,0.0228,0.7845,0.8719,0.1167,0.4703,0.0705,-0.4646,-1.7266,0.0881,0.1835,0.5217,0.0413,0.0562,-2.0001,-0.424,1.3755,-0.4852,-0.0509,0.3114,0.3328,0.3276,-0.1039,1.1122,-0.0669,-0.0169,-0.1108,-0.1527,-0.4859,-0.0014,0.2936,0.0057,-0.012,0.1523,-0.6491,-0.3887,-0.1566,-0.8216,1.9624,-1.8931,-0.9199,-4.8069,4.0259,4.9922,-0.8959,0.7313,6.6005,-0.471,-3.8034,-3.0253,-2.2854,-2.164,-5.2665,0.5107,-2.606,-6.2153,11.1766,0.1166,0.7516,-0.5635,-12.5548,6.3133,0.5386,10.759,-1.919,-0.6177,-0.1864,-1.0,-1.0,-1.0,-1.0,-1.0,-1.0,-1.0,-1.0,-1.0,-1.0,-1.0,-1.0,-1.0,-1.0,-1.0,-1.0,-1.0,-1.0,-1.0,-1.0,-1.0,-1.0,-1.0,-1.0,-1.0,-1.0,-1.0,-1.0,-1.0,-1.0,-1.0,-1.0,-1.0,-1.0,-1.0,-1.0,-1.0,-1.0,-1.0,-1.0,-1.0,-1.0,-1.0,-1.0,-1.0,-1.0,-1.0,-1.0,-1.0,-1.0,-1.0,-1.0,-1.0,-1.0,-1.0,-1.0,-1.0,-1.0,-1.0,-1.0,-1.0,-1.0,-1.0,5.992490261145079,-1.5114432220527223,2.307514024042117
166,0.332,1.3461760007582275,-0.42379506639268744,1.3911220421484725,5.992490261145079,-1.5114432220527223,-0.9297859759578833,0.05591862360523568,0.0342,0.0221,0.7842,0.8713,0.1149,0.472,0.0694,-0.4652,-1.7357,0.0949,0.1946,0.5193,0.0426,0.0697,-2.0018,-0.4325,1.3706,-0.4867,-0.055,0.3006,0.3336,0.322,-0.1167,1.1346,-0.0666,-0.0153,-0.1119,-0.1779,-0.4733,-0.0002,0.315,0.0019,-0.0131,0.152,-0.6317,-0.3803,-0.1507,-0.8403,1.7739,-1.9131,-0.3006,-4.5816,3.3989,5.551,-1.2211,0.6668,6.7791,-0.8594,-4.2334,-2.4769,-0.7278,-2.0822,-5.3821,0.3731,-2.8319,-6.4065,11.1989,0.1484,0.7953,-0.5456,-12.6004,6.2909,0.5909,10.7185,-1.864,-0.5506,-0.1909,-1.0,-1.0,-1.0,-1.0,-1.0,-1.0,-1.0,-1.0,-1.0,-1.0,-1.0,-1.0,-1.0,-1.0,-1.0,-1.0,-1.0,-1.0,-1.0,-1.0,-1.0,-1.0,-1.0,-1.0,-1.0,-1.0,-1.0,-1.0,-1.0,-1.0,-1.0,-1.0,-1.0,-1.0,-1.0,-1.0,-1.0,-1.0,-1.0,-1.0,-1.0,-1.0,-1.0,-1.0,-1.0,-1.0,-1.0,-1.0,-1.0,-1.0,-1.0,-1.0,-1.0,-1.0,-1.0,-1.0,-1.0,-1.0,-1.0,-1.0,-1.0,-1.0,-1.0,5.992490261145079,-1.5114432220527223,2.307514024042117
167,0.334,1.3581609812805175,-0.4268179528367929,1.3892428501965566,5.992490261145079,-1.5114432220527223,-0.9494059759578835,0.05591862360523568,0.033,0.0213,0.7839,0.8708,0.1131,0.4735,0.0684,-0.4647,-1.7444,0.1005,0.2068,0.5162,0.0438,0.0836,-2.0041,-0.4418,1.3665,-0.4854,-0.059,0.2896,0.334,0.3159,-0.1299,1.157,-0.0662,-0.0136,-0.113,-0.2032,-0.4608,0.0011,0.3363,-0.0017,-0.0141,0.1516,-0.6146,-0.3713,-0.1445,-0.8566,1.5891,-1.9101,0.2601,-4.3583,2.8081,6.1175,-1.5461,0.5924,6.9374,-1.1621,-4.6516,-2.0249,0.6501,-2.001,-5.5004,0.2222,-3.0514,-6.6004,11.2085,0.1798,0.8402,-0.5307,-12.6212,6.2646,0.6392,10.6744,-1.8141,-0.4829,-0.1934,-1.0,-1.0,-1.0,-1.0,-1.0,-1.0,-1.0,-1.0,-1.0,-1.0,-1.0,-1.0,-1.0,-1.0,-1.0,-1.0,-1.0,-1.0,-1.0,-1.0,-1.0,-1.0,-1.0,-1.0,-1.0,-1.0,-1.0,-1.0,-1.0,-1.0,-1.0,-1.0,-1.0,-1.0,-1.0,-1.0,-1.0,-1.0,-1.0,-1.0,-1.0,-1.0,-1.0,-1.0,-1.0,-1.0,-1.0,-1.0,-1.0,-1.0,-1.0,-1.0,-1.0,-1.0,-1.0,-1.0,-1.0,-1.0,-1.0,-1.0,-1.0,-1.0,-1.0,5.992490261145079,-1.5114432220527223,2.307514024042117
168,0.336,1.3701459618028078,-0.42984083928089833,1.387324418244641,5.992490261145079,-1.5114432220527223,-0.9690259759578832,0.05591862360523568,0.0318,0.0206,0.7836,0.8704,0.1114,0.4749,0.0673,-0.4631,-1.7527,0.105,0.2202,0.5124,0.0448,0.0977,-2.0069,-0.4519,1.3632,-0.4817,-0.0629,0.2784,0.3341,0.3094,-0.1435,1.1795,-0.0658,-0.0118,-0.114,-0.2284,-0.4483,0.0024,0.3576,-0.0052,-0.0149,0.1512,-0.5976,-0.3617,-0.1383,-0.8708,1.4069,-1.8846,0.7663,-4.1274,2.2495,6.6653,-1.8685,0.5089,7.0729,-1.3931,-5.0575,-1.6509,1.8663,-1.9139,-5.6186,0.0574,-3.2632,-6.7964,11.2061,0.2108,0.8862,-0.5184,-12.6167,6.2323,0.6835,10.6264,-1.7686,-0.4153,-0.1941,-1.0,-1.0,-1.0,-1.0,-1.0,-1.0,-1.0,-1.0,-1.0,-1.0,-1.0,-1.0,-1.0,-1.0,-1.0,-1.0,-1.0,-1.0,-1.0,-1.0,-1.0,-1.0,-1.0,-1.0,-1.0,-1.0,-1.0,-1.0,-1.0,-1.0,-1.0,-1.0,-1.0,-1.0,-1.0,-1.0,-1.0,-1.0,-1.0,-1.0,-1.0,-1.0,-1.0,-1.0,-1.0,-1.0,-1.0,-1.0,-1.0,-1.0,-1.0,-1.0,-1.0,-1.0,-1.0,-1.0,-1.0,-1.0,-1.0,-1.0,-1.0,-1.0,-1.0,5.992490261145079,-1.5114432220527223,2.307514024042117
169,0.338,1.3821309423250978,-0.43286372572500376,1.3853667462927253,5.992490261145079,-1.5114432220527223,-0.9886459759578834,0.05591862360523568,0.0307,0.0199,0.7834,0.87,0.1097,0.4761,0.0663,-0.4607,-1.7605,0.1085,0.2345,0.5081,0.0456,0.1121,-2.01,-0.4628,1.3605,-0.4758,-0.0665,0.2669,0.3339,0.3024,-0.1575,1.2018,-0.0653,-0.0099,-0.115,-0.2536,-0.436,0.0039,0.3787,-0.0087,-0.0156,0.1508,-0.5804,-0.3516,-0.1322,-0.8828,1.2261,-1.8372,1.2213,-3.8807,1.72,7.1716,-2.186,0.4167,7.1835,-1.5642,-5.4505,-1.3391,2.9345,-1.816,-5.7334,-0.1222,-3.466,-6.9939,11.1925,0.2414,0.9329,-0.5083,-12.5863,6.1917,0.7237,10.5743,-1.7267,-0.3498,-0.1935,-1.0,-1.0,-1.0,-1.0,-1.0,-1.0,-1.0,-1.0,-1.0,-1.0,-1.0,-1.0,-1.0,-1.0,-1.0,-1.0,-1.0,-1.0,-1.0,-1.0,-1.0,-1.0,-1.0,-1.0,-1.0,-1.0,-1.0,-1.0,-1.0,-1.0,-1.0,-1.0,-1.0,-1.0,-1.0,-1.0,-1.0,-1.0,-1.0,-1.0,-1.0,-1.0,-1.0,-1.0,-1.0,-1.0,-1.0,-1.0,-1.0,-1.0,-1.0,-1.0,-1.0,-1.0,-1.0,-1.0,-1.0,-1.0,-1.0,-1.0,-1.0,-1.0,-1.0,5.992490261145079,-1.5114432220527223,2.307514024042117
170,0.34,1.3941159228473883,-0.4358866121691092,1.3833698343408094,5.992490261145079,-1.5114432220527223,-1.0082659759578831,0.05591862360523568,0.0295,0.0192,0.7831,0.8697,0.108,0.4772,0.0652,-0.4573,-1.7677,0.1108,0.2476,0.5032,0.0467,0.1266,-2.0134,-0.4743,1.3582,-0.4679,-0.0699,0.2555,0.3332,0.2951,-0.1719,1.2241,-0.0648,-0.008,-0.116,-0.2786,-0.4238,0.0054,0.3997,-0.012,-0.0162,0.1504,-0.5685,-0.3392,-0.1197,-0.8815,1.0658,-1.8337,1.6839,-3.6156,1.1633,6.5523,-2.4067,0.5338,7.2748,-1.6667,-5.7375,-1.164,3.9351,-1.6953,-5.7081,-0.366,-3.6484,-7.1974,11.1211,0.2515,0.9817,-0.4997,-12.4917,6.0772,0.7681,10.4977,-1.6678,-0.2773,-0.1902,-1.0,-1.0,-1.0,-1.0,-1.0,-1.0,-1.0,-1.0,-1.0,-1.0,-1.0,-1.0,-1.0,-1.0,-1.0,-1.0,-1.0,-1.0,-1.0,-1.0,-1.0,-1.0,-1.0,-1.0,-1.0,-1.0,-1.0,-1.0,-1.0,-1.0,-1.0,-1.0,-1.0,-1.0,-1.0,-1.0,-1.0,-1.0,-1.0,-1.0,-1.0,-1.0,-1.0,-1.0,-1.0,-1.0,-1.0,-1.0,-1.0,-1.0,-1.0,-1.0,-1.0,-1.0,-1.0,-1.0,-1.0,-1.0,-1.0,-1.0,-1.0,-1.0,-1.0,5.992490261145079,-1.5114432220527223,2.307514024042117
171,0.342,1.4061009033696783,-0.4389094986132147,1.3813336823888935,5.992490261145079,-1.5114432220527223,-1.0278859759578833,0.05591862360523568,0.0284,0.0186,0.7829,0.8695,0.1063,0.4781,0.0641,-0.4531,-1.7743,0.1122,0.2595,0.4982,0.048,0.1414,-2.0168,-0.4863,1.3561,-0.4583,-0.073,0.2443,0.3319,0.2875,-0.1867,1.2462,-0.0643,-0.0059,-0.117,-0.3033,-0.4119,0.007,0.4206,-0.0152,-0.0166,0.15,-0.5562,-0.3275,-0.106,-0.8807,0.9123,-1.8407,2.0964,-3.3261,0.6818,5.9501,-2.5392,0.6261,7.3652,-1.7175,-5.9886,-1.0534,4.8335,-1.574,-5.6276,-0.6366,-3.8134,-7.4013,11.0336,0.2593,1.0295,-0.4927,-12.3648,5.9398,0.8117,10.4116,-1.6096,-0.2051,-0.1858,-1.0,-1.0,-1.0,-1.0,-1.0,-1.0,-1.0,-1.0,-1.0,-1.0,-1.0,-1.0,-1.0,-1.0,-1.0,-1.0,-1.0,-1.0,-1.0,-1.0,-1.0,-1.0,-1.0,-1.0,-1.0,-1.0,-1.0,-1.0,-1.0,-1.0,-1.0,-1.0,-1.0,-1.0,-1.0,-1.0,-1.0,-1.0,-1.0,-1.0,-1.0,-1.0,-1.0,-1.0,-1.0,-1.0,-1.0,-1.0,-1.0,-1.0,-1.0,-1.0,-1.0,-1.0,-1.0,-1.0,-1.0,-1.0,-1.0,-1.0,-1.0,-1.0,-1.0,5.992490261145079,-1.5114432220527223,2.307514024042117
