step,time,obst_px,obst_py,obst_pz,obst_vx,obst_vy,obst_vz,obst_radius,qpos_0,qpos_1,qpos_2,qpos_3,qpos_4,qpos_5,qpos_6,qpos_7,qpos_8,qpos_9,qpos_10,qpos_11,qpos_12,qpos_13,qpos_14,qpos_15,qpos_16,qpos_17,qpos_18,qpos_19,qpos_20,qpos_21,qpos_22,qpos_23,qpos_24,qpos_25,qpos_26,qpos_27,qpos_28,qpos_29,qpos_30,qpos_31,qpos_32,qpos_33,qvel_0,qvel_1,qvel_2,qvel_3,qvel_4,qvel_5,qvel_6,qvel_7,qvel_8,qvel_9,qvel_10,qvel_11,qvel_12,qvel_13,qvel_14,qvel_15,qvel_16,qvel_17,qvel_18,qvel_19,qvel_20,qvel_21,qvel_22,qvel_23,qvel_24,qvel_25,qvel_26,qvel_27,qvel_28,qvel_29,qvel_30,qvel_31,qvel_32,cap_site_0_head_sensor_0,cap_site_1_head_sensor_1,cap_site_2_head_sensor_2,cap_site_3_head_sensor_3,cap_site_4_head_sensor_4,cap_site_5_head_sensor_5,cap_site_6_torso_sensor_0,cap_site_7_torso_sensor_1,cap_site_8_torso_sensor_2,cap_site_9_torso_sensor_3,cap_site_10_torso_sensor_4,cap_site_11_torso_sensor_5,cap_site_12_torso_sensor_6,cap_site_13_torso_sensor_7,cap_site_14_torso_sensor_8,cap_site_15_torso_sensor_9,cap_site_16_torso_sensor_10,cap_site_17_left_shoulder_roll_sensor_0,cap_site_18_left_shoulder_roll_sensor_1,cap_site_19_left_shoulder_roll_sensor_2,cap_site_20_left_shoulder_roll_sensor_3,cap_site_21_left_shoulder_roll_sensor_4,cap_site_22_left_shoulder_roll_sensor_5,cap_site_23_left_shoulder_roll_sensor_6,cap_site_24_left_shoulder_roll_sensor_7,cap_site_25_left_shoulder_yaw_sensor_0,cap_site_26_left_shoulder_yaw_sensor_1,cap_site_27_left_shoulder_yaw_sensor_2,cap_site_28_left_shoulder_yaw_sensor_3,cap_site_29_left_shoulder_yaw_sensor_4,cap_site_30_left_shoulder_yaw_sensor_5,cap_site_31_left_elbow_sensor_0,cap_site_32_left_elbow_sensor_1,cap_site_33_left_elbow_sensor_2,cap_site_34_left_elbow_sensor_3,cap_site_35_left_elbow_sensor_4,cap_site_36_left_elbow_sensor_5,cap_site_37_left_elbow_sensor_6,cap_site_38_left_elbow_sensor_7,cap_site_39_left_elbow_sensor_8,cap_site_41_right_shoulder_roll_sensor_0,cap_site_42_right_shoulder_roll_sensor_1,cap_site_43_right_shoulder_roll_sensor_2,cap_site_44_right_shoulder_roll_sensor_3,cap_site_45_right_shoulder_roll_sensor_4,cap_site_46_right_shoulder_roll_sensor_5,cap_site_47_right_shoulder_roll_sensor_6,cap_site_48_right_shoulder_roll_sensor_7,cap_site_49_right_shoulder_yaw_sensor_0,cap_site_50_right_shoulder_yaw_sensor_1,cap_site_51_right_shoulder_yaw_sensor_2,cap_site_52_right_shoulder_yaw_sensor_3,cap_site_53_right_shoulder_yaw_sensor_4,cap_site_54_right_shoulder_yaw_sensor_5,cap_site_55_right_elbow_sensor_0,cap_site_56_right_elbow_sensor_1,cap_site_57_right_elbow_sensor_2,cap_site_58_right_elbow_sensor_3,cap_site_59_right_elbow_sensor_4,cap_site_60_right_elbow_sensor_5,cap_site_61_right_elbow_sensor_6,cap_site_62_right_elbow_sensor_7,cap_site_63_right_elbow_sensor_8,cmd_vx,cmd_vy,cmd_vz
1,0.002,-0.3877423517995689,-1.2303198567619187,1.014471294849201,3.5118969014751498,6.798272153100405,2.139771924057479,0.05367774381488562,0.19,0.0,1.028,1.0,0.0,0.0,0.0003,-0.0003,-0.0004,0.0,0.0004,-0.0002,-0.0002,-0.0007,-0.0001,0.0,0.0,-0.0001,-0.0001,-0.001,0.0007,-0.0003,-0.0002,-0.0004,0.0001,0.0,0.0,-0.0005,-0.0003,0.0001,0.0004,0.0,0.0,0.0,-0.0021,0.0089,-0.0022,0.0036,0.0372,0.2722,-0.1652,-0.1852,-0.0047,0.1928,-0.0768,-0.0801,-0.3319,-0.026,-0.0183,0.0184,-0.0708,-0.0476,-0.5023,0.366,-0.1481,-0.0914,-0.2095,0.034,-0.0006,0.0072,-0.2575,-0.1678,0.0285,0.2127,-0.0053,0.0228,-0.0161,-1.0,-1.0,-1.0,-1.0,-1.0,-1.0,-1.0,-1.0,-1.0,-1.0,-1.0,-1.0,-1.0,-1.0,-1.0,-1.0,-1.0,-1.0,-1.0,-1.0,-1.0,-1.0,-1.0,-1.0,-1.0,-1.0,-1.0,-1.0,-1.0,-1.0,-1.0,-1.0,-1.0,-1.0,-1.0,-1.0,-1.0,-1.0,-1.0,-1.0,-1.0,-1.0,-1.0,-1.0,-1.0,-1.0,-1.0,-1.0,-1.0,-1.0,-1.0,-1.0,-1.0,-1.0,-1.0,-1.0,-1.0,-1.0,-1.0,-1.0,-1.0,-1.0,-1.0,3.5118969014751498,6.798272153100405,2.139771924057479
2,0.004,-0.3807185579966186,-1.216723312455718,1.0187312186973159,3.5118969014751498,6.798272153100405,2.120151924057479,0.05367774381488562,0.19,0.0001,1.028,1.0,0.0001,0.0,0.0013,-0.0004,-0.0016,-0.0004,0.0021,-0.0004,0.0004,-0.0027,0.001,-0.0005,-0.0015,0.0,0.0002,-0.0044,0.0024,-0.0008,-0.0005,-0.0006,0.0001,0.0,0.0,-0.001,-0.0009,0.0001,0.0007,0.0,0.0001,-0.0001,0.0178,0.0363,0.0013,0.1192,-0.0099,1.0296,-0.0161,-0.5969,-0.1832,0.852,-0.1151,0.2599,-1.0064,0.5388,-0.212,-0.7505,0.0837,0.1597,-1.6774,0.8315,-0.2715,-0.1375,-0.0974,0.0269,0.0023,0.0024,-0.26,-0.2737,0.0019,0.145,-0.0078,0.0194,-0.0142,-1.0,-1.0,-1.0,-1.0,-1.0,-1.0,-1.0,-1.0,-1.0,-1.0,-1.0,-1.0,-1.0,-1.0,-1.0,-1.0,-1.0,-1.0,-1.0,-1.0,-1.0,-1.0,-1.0,-1.0,-1.0,-1.0,-1.0,-1.0,-1.0,-1.0,-1.0,-1.0,-1.0,-1.0,-1.0,-1.0,-1.0,-1.0,-1.0,-1.0,-1.0,-1.0,-1.0,-1.0,-1.0,-1.0,-1.0,-1.0,-1.0,-1.0,-1.0,-1.0,-1.0,-1.0,-1.0,-1.0,-1.0,-1.0,-1.0,-1.0,-1.0,-1.0,-1.0,3.5118969014751498,6.798272153100405,2.139771924057479
3,0.006,-0.3736947641936683,-1.203126768149517,1.0229519025454308,3.5118969014751498,6.798272153100405,2.100531924057479,0.05367774381488562,0.1901,0.0002,1.028,1.0,0.0004,0.0,0.0029,-0.0007,-0.0033,-0.0013,0.0047,-0.0013,0.0014,-0.006,0.0028,-0.0014,-0.0041,0.0013,0.0008,-0.0096,0.0049,-0.0016,-0.0008,-0.0006,0.0002,0.0,0.0,-0.0015,-0.0016,0.0,0.0008,0.0,0.0001,-0.0001,0.034,0.0664,0.0021,0.2715,-0.0419,1.5945,-0.1834,-0.8475,-0.4398,1.2914,-0.4451,0.5167,-1.677,0.8994,-0.4567,-1.299,0.6382,0.2986,-2.6248,1.2764,-0.3965,-0.1724,-0.0017,0.0206,0.0044,-0.0017,-0.2528,-0.3759,-0.0371,0.047,-0.0105,0.0146,-0.0128,-1.0,-1.0,-1.0,-1.0,-1.0,-1.0,-1.0,-1.0,-1.0,-1.0,-1.0,-1.0,-1.0,-1.0,-1.0,-1.0,-1.0,-1.0,-1.0,-1.0,-1.0,-1.0,-1.0,-1.0,-1.0,-1.0,-1.0,-1.0,-1.0,-1.0,-1.0,-1.0,-1.0,-1.0,-1.0,-1.0,-1.0,-1.0,-1.0,-1.0,-1.0,-1.0,-1.0,-1.0,-1.0,-1.0,-1.0,-1.0,-1.0,-1.0,-1.0,-1.0,-1.0,-1.0,-1.0,-1.0,-1.0,-1.0,-1.0,-1.0,-1.0,-1.0,-1.0,3.5118969014751498,6.798272153100405,2.139771924057479
4,0.008,-0.366670970390718,-1.1895302238433163,1.027133346393546,3.5118969014751498,6.798272153100405,2.080911924057479,0.05367774381488562,0.1902,0.0004,1.028,1.0,0.0008,-0.0001,0.005,-0.0012,-0.0054,-0.0025,0.0081,-0.0026,0.0028,-0.0103,0.0053,-0.0027,-0.0076,0.0026,0.0018,-0.0165,0.0083,-0.0027,-0.0012,-0.0005,0.0002,0.0,0.0,-0.002,-0.0026,-0.0002,0.0007,-0.0001,0.0001,-0.0001,0.048,0.0928,0.0113,0.3853,-0.0611,2.0875,-0.2495,-1.0854,-0.6415,1.6924,-0.65,0.6996,-2.1148,1.2517,-0.6389,-1.7902,0.6697,0.4827,-3.443,1.6827,-0.5467,-0.1889,0.0772,0.0156,0.0058,-0.0052,-0.2085,-0.497,-0.0814,-0.0386,-0.0128,0.0097,-0.0116,-1.0,-1.0,-1.0,-1.0,-1.0,-1.0,-1.0,-1.0,-1.0,-1.0,-1.0,-1.0,-1.0,-1.0,-1.0,-1.0,-1.0,-1.0,-1.0,-1.0,-1.0,-1.0,-1.0,-1.0,-1.0,-1.0,-1.0,-1.0,-1.0,-1.0,-1.0,-1.0,-1.0,-1.0,-1.0,-1.0,-1.0,-1.0,-1.0,-1.0,-1.0,-1.0,-1.0,-1.0,-1.0,-1.0,-1.0,-1.0,-1.0,-1.0,-1.0,-1.0,-1.0,-1.0,-1.0,-1.0,-1.0,-1.0,-1.0,-1.0,-1.0,-1.0,-1.0,3.5118969014751498,6.798272153100405,2.139771924057479
5,0.01,-0.3596471765877677,-1.1759336795371154,1.0312755502416608,3.5118969014751498,6.798272153100405,2.061291924057479,0.05367774381488562,0.1903,0.0006,1.0281,1.0,0.0012,-0.0001,0.0073,-0.0002,-0.0083,-0.004,0.0119,-0.0038,0.0039,-0.0147,0.0087,-0.0041,-0.0126,0.0043,0.0031,-0.0236,0.012,-0.0042,-0.0019,0.0002,0.0001,-0.0001,-0.0001,-0.0017,-0.0033,-0.0001,0.0002,-0.0001,0.0001,-0.0001,0.0636,0.1037,0.0126,0.4434,-0.0685,2.2965,0.5187,-1.4592,-0.7422,1.936,-0.6339,0.5721,-2.2253,1.6778,-0.7358,-2.4931,0.8222,0.6675,-3.557,1.8486,-0.725,-0.356,0.3076,-0.0511,-0.0683,-0.0307,0.1139,-0.326,0.0143,-0.268,-0.005,-0.0186,0.0182,-1.0,-1.0,-1.0,-1.0,-1.0,-1.0,-1.0,-1.0,-1.0,-1.0,-1.0,-1.0,-1.0,-1.0,-1.0,-1.0,-1.0,-1.0,-1.0,-1.0,-1.0,-1.0,-1.0,-1.0,-1.0,-1.0,-1.0,-1.0,-1.0,-1.0,-1.0,-1.0,-1.0,-1.0,-1.0,-1.0,-1.0,-1.0,-1.0,-1.0,-1.0,-1.0,-1.0,-1.0,-1.0,-1.0,-1.0,-1.0,-1.0,-1.0,-1.0,-1.0,-1.0,-1.0,-1.0,-1.0,-1.0,-1.0,-1.0,-1.0,-1.0,-1.0,-1.0,3.5118969014751498,6.798272153100405,2.139771924057479
6,0.012,-0.3526233827848174,-1.1623371352309146,1.0353785140897758,3.5118969014751498,6.798272153100405,2.041671924057479,0.05367774381488562,0.1905,0.0008,1.0281,1.0,0.0017,-0.0002,0.0098,0.0022,-0.012,-0.0056,0.0162,-0.0051,0.0048,-0.0195,0.0126,-0.0057,-0.0187,0.0064,0.0042,-0.0309,0.016,-0.006,-0.0029,0.0012,-0.0001,-0.0004,-0.0002,-0.0009,-0.0036,0.0001,-0.0007,-0.0001,0.0,0.0,0.0756,0.1117,0.0182,0.4738,-0.0586,2.4818,1.2157,-1.8281,-0.8066,2.1413,-0.6157,0.4513,-2.3744,1.9833,-0.7716,-3.0476,1.0683,0.5573,-3.6625,2.0187,-0.9025,-0.5163,0.5189,-0.1076,-0.1332,-0.0522,0.4058,-0.1624,0.1152,-0.4545,0.0017,-0.0427,0.0434,-1.0,-1.0,-1.0,-1.0,-1.0,-1.0,-1.0,-1.0,-1.0,-1.0,-1.0,-1.0,-1.0,-1.0,-1.0,-1.0,-1.0,-1.0,-1.0,-1.0,-1.0,-1.0,-1.0,-1.0,-1.0,-1.0,-1.0,-1.0,-1.0,-1.0,-1.0,-1.0,-1.0,-1.0,-1.0,-1.0,-1.0,-1.0,-1.0,-1.0,-1.0,-1.0,-1.0,-1.0,-1.0,-1.0,-1.0,-1.0,-1.0,-1.0,-1.0,-1.0,-1.0,-1.0,-1.0,-1.0,-1.0,-1.0,-1.0,-1.0,-1.0,-1.0,-1.0,3.5118969014751498,6.798272153100405,2.139771924057479
7,0.014,-0.3455995889818671,-1.148740590924714,1.0394422379378907,3.5118969014751498,6.798272153100405,2.0220519240574792,0.05367774381488562,0.1906,0.0011,1.0281,0.9999,0.0022,-0.0002,0.0124,0.0059,-0.0164,-0.0074,0.0208,-0.0063,0.0055,-0.0244,0.0171,-0.0073,-0.0257,0.0089,0.0047,-0.0385,0.0204,-0.0081,-0.0043,0.0026,-0.0004,-0.0008,-0.0003,0.0004,-0.0036,0.0005,-0.002,-0.0001,-0.0001,0.0001,0.0836,0.1194,0.0159,0.5115,-0.0338,2.6573,1.8366,-2.195,-0.885,2.3125,-0.5968,0.3373,-2.4687,2.2174,-0.813,-3.4887,1.2319,0.2176,-3.7781,2.1944,-1.0684,-0.6738,0.6809,-0.1557,-0.1895,-0.0702,0.6437,0.0033,0.2166,-0.6293,0.0072,-0.0638,0.0645,-1.0,-1.0,-1.0,-1.0,-1.0,-1.0,-1.0,-1.0,-1.0,-1.0,-1.0,-1.0,-1.0,-1.0,-1.0,-1.0,-1.0,-1.0,-1.0,-1.0,-1.0,-1.0,-1.0,-1.0,-1.0,-1.0,-1.0,-1.0,-1.0,-1.0,-1.0,-1.0,-1.0,-1.0,-1.0,-1.0,-1.0,-1.0,-1.0,-1.0,-1.0,-1.0,-1.0,-1.0,-1.0,-1.0,-1.0,-1.0,-1.0,-1.0,-1.0,-1.0,-1.0,-1.0,-1.0,-1.0,-1.0,-1.0,-1.0,-1.0,-1.0,-1.0,-1.0,3.5118969014751498,6.798272153100405,2.139771924057479
8,0.016,-0.3385757951789168,-1.135144046618513,1.0434667217860059,3.5118969014751498,6.798272153100405,2.002431924057479,0.05367774381488562,0.1908,0.0013,1.0281,0.9999,0.0027,-0.0002,0.0152,0.0107,-0.0215,-0.0093,0.0257,-0.0074,0.006,-0.0295,0.0218,-0.009,-0.0334,0.0116,0.0045,-0.0463,0.0252,-0.0106,-0.0059,0.0042,-0.0008,-0.0012,-0.0005,0.002,-0.0033,0.0012,-0.0035,0.0,-0.0003,0.0003,0.0888,0.1258,0.0125,0.5413,0.0018,2.8139,2.3922,-2.5509,-0.9579,2.4489,-0.5767,0.2298,-2.5676,2.3808,-0.8416,-3.8347,1.3663,-0.0989,-3.889,2.3759,-1.2281,-0.8277,0.8019,-0.1965,-0.2359,-0.0853,0.84,0.1662,0.32,-0.7803,0.0118,-0.0825,0.0822,-1.0,-1.0,-1.0,-1.0,-1.0,-1.0,-1.0,-1.0,-1.0,-1.0,-1.0,-1.0,-1.0,-1.0,-1.0,-1.0,-1.0,-1.0,-1.0,-1.0,-1.0,-1.0,-1.0,-1.0,-1.0,-1.0,-1.0,-1.0,-1.0,-1.0,-1.0,-1.0,-1.0,-1.0,-1.0,-1.0,-1.0,-1.0,-1.0,-1.0,-1.0,-1.0,-1.0,-1.0,-1.0,-1.0,-1.0,-1.0,-1.0,-1.0,-1.0,-1.0,-1.0,-1.0,-1.0,-1.0,-1.0,-1.0,-1.0,-1.0,-1.0,-1.0,-1.0,3.5118969014751498,6.798272153100405,2.139771924057479
9,0.018,-0.3315520013759665,-1.1215475023123123,1.0474519656341206,3.5118969014751498,6.798272153100405,1.982811924057479,0.05367774381488562,0.191,0.0016,1.0282,0.9998,0.0033,-0.0002,0.0182,0.0165,-0.0273,-0.0114,0.0308,-0.0085,0.0062,-0.0348,0.0268,-0.0107,-0.0415,0.0152,0.0044,-0.0543,0.0303,-0.0133,-0.0079,0.0059,-0.0013,-0.0018,-0.0007,0.004,-0.0026,0.002,-0.0054,0.0,-0.0005,0.0005,0.0911,0.1304,0.0044,0.571,0.0462,2.9607,2.8804,-2.8973,-1.0361,2.554,-0.5559,0.1283,-2.6153,2.4577,-0.8662,-4.0791,1.7659,-0.0129,-4.0006,2.5596,-1.3774,-0.9796,0.8838,-0.231,-0.2764,-0.0979,0.997,0.3306,0.4242,-0.9196,0.0155,-0.0988,0.097,-1.0,-1.0,-1.0,-1.0,-1.0,-1.0,-1.0,-1.0,-1.0,-1.0,-1.0,-1.0,-1.0,-1.0,-1.0,-1.0,-1.0,-1.0,-1.0,-1.0,-1.0,-1.0,-1.0,-1.0,-1.0,-1.0,-1.0,-1.0,-1.0,-1.0,-1.0,-1.0,-1.0,-1.0,-1.0,-1.0,-1.0,-1.0,-1.0,-1.0,-1.0,-1.0,-1.0,-1.0,-1.0,-1.0,-1.0,-1.0,-1.0,-1.0,-1.0,-1.0,-1.0,-1.0,-1.0,-1.0,-1.0,-1.0,-1.0,-1.0,-1.0,-1.0,-1.0,3.5118969014751498,6.798272153100405,2.139771924057479
10,0.02,-0.3245282075730162,-1.1079509580061113,1.0513979694822355,3.5118969014751498,6.798272153100405,1.963191924057479,0.05367774381488562,0.1912,0.0019,1.0282,0.9998,0.0039,-0.0001,0.0213,0.0231,-0.0337,-0.0136,0.0361,-0.0096,0.0063,-0.0403,0.0318,-0.0125,-0.0501,0.0187,0.0048,-0.0624,0.0358,-0.0164,-0.0101,0.0078,-0.0018,-0.0024,-0.0009,0.0063,-0.0017,0.0031,-0.0074,0.0,-0.0007,0.0007,0.0924,0.1333,0.0053,0.5696,0.0981,3.0791,3.3166,-3.2253,-1.0816,2.6244,-0.5332,0.0327,-2.7522,2.5239,-0.8754,-4.2997,1.7503,0.1741,-4.0894,2.7496,-1.5324,-1.1268,0.9426,-0.2598,-0.3113,-0.1083,1.1333,0.4673,0.5425,-1.0156,0.0191,-0.1119,0.1094,-1.0,-1.0,-1.0,-1.0,-1.0,-1.0,-1.0,-1.0,-1.0,-1.0,-1.0,-1.0,-1.0,-1.0,-1.0,-1.0,-1.0,-1.0,-1.0,-1.0,-1.0,-1.0,-1.0,-1.0,-1.0,-1.0,-1.0,-1.0,-1.0,-1.0,-1.0,-1.0,-1.0,-1.0,-1.0,-1.0,-1.0,-1.0,-1.0,-1.0,-1.0,-1.0,-1.0,-1.0,-1.0,-1.0,-1.0,-1.0,-1.0,-1.0,-1.0,-1.0,-1.0,-1.0,-1.0,-1.0,-1.0,-1.0,-1.0,-1.0,-1.0,-1.0,-1.0,3.5118969014751498,6.798272153100405,2.139771924057479
11,0.022,-0.3175044137700659,-1.0943544136999106,1.0553047333303505,3.5118969014751498,6.798272153100405,1.9435719240574791,0.05367774381488562,0.1914,0.0021,1.0282,0.9997,0.0044,0.0,0.0244,0.0299,-0.0407,-0.0157,0.0418,-0.0105,0.0062,-0.0459,0.0366,-0.0141,-0.0582,0.0217,0.0054,-0.071,0.0417,-0.0193,-0.0129,0.01,-0.0023,-0.0031,-0.0013,0.0084,-0.0003,0.0035,-0.0091,0.0003,-0.0008,0.0008,0.0888,0.1274,0.0029,0.5213,0.1146,3.1721,3.4255,-3.4589,-1.0475,2.8407,-0.461,-0.0263,-2.8372,2.3953,-0.8117,-4.05,1.5139,0.3074,-4.2923,2.9573,-1.469,-1.3611,1.0992,-0.2644,-0.3433,-0.2086,1.0294,0.666,0.2103,-0.8526,0.1533,-0.0709,0.0359,-1.0,-1.0,-1.0,-1.0,-1.0,-1.0,-1.0,-1.0,-1.0,-1.0,-1.0,-1.0,-1.0,-1.0,-1.0,-1.0,-1.0,-1.0,-1.0,-1.0,-1.0,-1.0,-1.0,-1.0,-1.0,-1.0,-1.0,-1.0,-1.0,-1.0,-1.0,-1.0,-1.0,-1.0,-1.0,-1.0,-1.0,-1.0,-1.0,-1.0,-1.0,-1.0,-1.0,-1.0,-1.0,-1.0,-1.0,-1.0,-1.0,-1.0,-1.0,-1.0,-1.0,-1.0,-1.0,-1.0,-1.0,-1.0,-1.0,-1.0,-1.0,-1.0,-1.0,3.5118969014751498,6.798272153100405,2.139771924057479
12,0.024,-0.3104806199671156,-1.0807578693937097,1.0591722571784654,3.5118969014751498,6.798272153100405,1.9239519240574792,0.05367774381488562,0.1915,0.0024,1.0282,0.9996,0.0049,0.0001,0.0277,0.0368,-0.0479,-0.0177,0.0478,-0.0113,0.0061,-0.0517,0.0411,-0.0155,-0.0658,0.0242,0.0062,-0.0799,0.048,-0.0222,-0.016,0.0125,-0.0029,-0.0038,-0.0019,0.0102,0.0013,0.0033,-0.0106,0.0009,-0.0009,0.0007,0.0858,0.1207,-0.001,0.4617,0.1244,3.2408,3.4504,-3.6421,-1.0001,3.0117,-0.3946,-0.0925,-2.8898,2.2632,-0.7312,-3.7762,1.2707,0.411,-4.4527,3.1514,-1.4396,-1.576,1.2561,-0.2638,-0.3705,-0.2949,0.9286,0.83,-0.102,-0.7217,0.2687,-0.0344,-0.0269,-1.0,-1.0,-1.0,-1.0,-1.0,-1.0,-1.0,-1.0,-1.0,-1.0,-1.0,-1.0,-1.0,-1.0,-1.0,-1.0,-1.0,-1.0,-1.0,-1.0,-1.0,-1.0,-1.0,-1.0,-1.0,-1.0,-1.0,-1.0,-1.0,-1.0,-1.0,-1.0,-1.0,-1.0,-1.0,-1.0,-1.0,-1.0,-1.0,-1.0,-1.0,-1.0,-1.0,-1.0,-1.0,-1.0,-1.0,-1.0,-1.0,-1.0,-1.0,-1.0,-1.0,-1.0,-1.0,-1.0,-1.0,-1.0,-1.0,-1.0,-1.0,-1.0,-1.0,3.5118969014751498,6.798272153100405,2.139771924057479
13,0.026,-0.3034568261641653,-1.067161325087509,1.0630005410265806,3.5118969014751498,6.798272153100405,1.904331924057479,0.05367774381488562,0.1917,0.0026,1.0282,0.9995,0.0053,0.0003,0.031,0.0437,-0.0555,-0.0196,0.0539,-0.012,0.0057,-0.0575,0.0453,-0.0168,-0.0727,0.0263,0.0071,-0.0891,0.0547,-0.0251,-0.0196,0.0154,-0.0034,-0.0046,-0.0026,0.0119,0.0033,0.0025,-0.0118,0.0016,-0.0009,0.0006,0.0829,0.1142,-0.0045,0.3973,0.1306,3.2731,3.4119,-3.7569,-0.9488,3.0674,-0.3282,-0.1623,-2.8972,2.0982,-0.6431,-3.4379,1.0247,0.4441,-4.5613,3.3343,-1.4336,-1.7788,1.4175,-0.2598,-0.3945,-0.3691,0.8305,0.967,-0.3995,-0.6085,0.3681,-0.0016,-0.0805,-1.0,-1.0,-1.0,-1.0,-1.0,-1.0,-1.0,-1.0,-1.0,-1.0,-1.0,-1.0,-1.0,-1.0,-1.0,-1.0,-1.0,-1.0,-1.0,-1.0,-1.0,-1.0,-1.0,-1.0,-1.0,-1.0,-1.0,-1.0,-1.0,-1.0,-1.0,-1.0,-1.0,-1.0,-1.0,-1.0,-1.0,-1.0,-1.0,-1.0,-1.0,-1.0,-1.0,-1.0,-1.0,-1.0,-1.0,-1.0,-1.0,-1.0,-1.0,-1.0,-1.0,-1.0,-1.0,-1.0,-1.0,-1.0,-1.0,-1.0,-1.0,-1.0,-1.0,3.5118969014751498,6.798272153100405,2.139771924057479
14,0.028,-0.296433032361215,-1.0535647807813082,1.0667895848746953,3.5118969014751498,6.798272153100405,1.884711924057479,0.05367774381488562,0.1919,0.0028,1.0281,0.9994,0.0056,0.0004,0.0342,0.0503,-0.0631,-0.0214,0.0598,-0.0125,0.0053,-0.0628,0.0491,-0.0179,-0.0786,0.0283,0.008,-0.0983,0.0617,-0.0279,-0.0235,0.0185,-0.0039,-0.0055,-0.0035,0.0133,0.0054,0.0011,-0.0128,0.0025,-0.0009,0.0003,0.0778,0.1095,-0.0139,0.3546,0.1399,3.2851,3.3195,-3.7965,-0.9283,2.946,-0.2583,-0.228,-2.623,1.8724,-0.5498,-2.9724,1.0394,0.4219,-4.6391,3.504,-1.428,-1.9808,1.579,-0.2552,-0.4171,-0.4326,0.7202,1.0904,-0.6885,-0.5217,0.454,0.0268,-0.127,-1.0,-1.0,-1.0,-1.0,-1.0,-1.0,-1.0,-1.0,-1.0,-1.0,-1.0,-1.0,-1.0,-1.0,-1.0,-1.0,-1.0,-1.0,-1.0,-1.0,-1.0,-1.0,-1.0,-1.0,-1.0,-1.0,-1.0,-1.0,-1.0,-1.0,-1.0,-1.0,-1.0,-1.0,-1.0,-1.0,-1.0,-1.0,-1.0,-1.0,-1.0,-1.0,-1.0,-1.0,-1.0,-1.0,-1.0,-1.0,-1.0,-1.0,-1.0,-1.0,-1.0,-1.0,-1.0,-1.0,-1.0,-1.0,-1.0,-1.0,-1.0,-1.0,-1.0,3.5118969014751498,6.798272153100405,2.139771924057479
15,0.03,-0.2894092385582647,-1.0399682364751073,1.0705393887228103,3.5118969014751498,6.798272153100405,1.865091924057479,0.05367774381488562,0.192,0.003,1.0281,0.9993,0.0059,0.0005,0.0375,0.0568,-0.0705,-0.0232,0.0652,-0.0129,0.0047,-0.0678,0.0523,-0.0189,-0.0834,0.0297,0.0079,-0.1076,0.069,-0.0308,-0.0279,0.022,-0.0044,-0.0063,-0.0045,0.0145,0.0078,-0.0008,-0.0137,0.0036,-0.0008,0.0,0.0748,0.1069,-0.0181,0.3082,0.1406,3.2158,3.2242,-3.7329,-0.9025,2.6641,-0.1875,-0.288,-2.5326,1.6031,-0.4747,-2.4103,0.6662,-0.0518,-4.6335,3.674,-1.4334,-2.1786,1.7523,-0.25,-0.4379,-0.487,0.6077,1.1891,-0.9639,-0.4253,0.5286,0.0525,-0.1674,-1.0,-1.0,-1.0,-1.0,-1.0,-1.0,-1.0,-1.0,-1.0,-1.0,-1.0,-1.0,-1.0,-1.0,-1.0,-1.0,-1.0,-1.0,-1.0,-1.0,-1.0,-1.0,-1.0,-1.0,-1.0,-1.0,-1.0,-1.0,-1.0,-1.0,-1.0,-1.0,-1.0,-1.0,-1.0,-1.0,-1.0,-1.0,-1.0,-1.0,-1.0,-1.0,-1.0,-1.0,-1.0,-1.0,-1.0,-1.0,-1.0,-1.0,-1.0,-1.0,-1.0,-1.0,-1.0,-1.0,-1.0,-1.0,-1.0,-1.0,-1.0,-1.0,-1.0,3.5118969014751498,6.798272153100405,2.139771924057479
16,0.032,-0.2823854447553144,-1.0263716921689066,1.0742499525709253,3.5118969014751498,6.798272153100405,1.845471924057479,0.05367774381488562,0.1921,0.0032,1.028,0.9992,0.0062,0.0007,0.0406,0.063,-0.0777,-0.025,0.0697,-0.0131,0.004,-0.0727,0.0548,-0.0197,-0.0869,0.0303,0.0069,-0.1168,0.0767,-0.0337,-0.0326,0.0259,-0.0049,-0.0072,-0.0055,0.0155,0.0103,-0.0032,-0.0143,0.0048,-0.0006,-0.0004,0.072,0.1058,-0.0221,0.269,0.1371,3.0994,3.1083,-3.5935,-0.8836,2.2564,-0.1178,-0.3406,-2.4196,1.277,-0.4111,-1.7566,0.2887,-0.4869,-4.5789,3.8396,-1.4419,-2.3738,1.9319,-0.2448,-0.4575,-0.5336,0.4859,1.2678,-1.2259,-0.336,0.5933,0.0752,-0.2027,-1.0,-1.0,-1.0,-1.0,-1.0,-1.0,-1.0,-1.0,-1.0,-1.0,-1.0,-1.0,-1.0,-1.0,-1.0,-1.0,-1.0,-1.0,-1.0,-1.0,-1.0,-1.0,-1.0,-1.0,-1.0,-1.0,-1.0,-1.0,-1.0,-1.0,-1.0,-1.0,-1.0,-1.0,-1.0,-1.0,-1.0,-1.0,-1.0,-1.0,-1.0,-1.0,-1.0,-1.0,-1.0,-1.0,-1.0,-1.0,-1.0,-1.0,-1.0,-1.0,-1.0,-1.0,-1.0,-1.0,-1.0,-1.0,-1.0,-1.0,-1.0,-1.0,-1.0,3.5118969014751498,6.798272153100405,2.139771924057479
17,0.034,-0.2753616509523641,-1.0127751478627056,1.0779212764190405,3.5118969014751498,6.798272153100405,1.825851924057479,0.05367774381488562,0.1923,0.0034,1.028,0.999,0.0064,0.0008,0.0435,0.0689,-0.0845,-0.0267,0.0732,-0.0132,0.0033,-0.0771,0.0565,-0.0205,-0.0888,0.0309,0.0063,-0.1257,0.0847,-0.0366,-0.0378,0.0301,-0.0054,-0.0082,-0.0067,0.0162,0.013,-0.0062,-0.0149,0.0061,-0.0004,-0.0009,0.0684,0.1055,-0.0313,0.2481,0.1293,2.9502,2.9679,-3.3924,-0.8826,1.754,-0.0517,-0.3841,-2.2139,0.8521,-0.3805,-0.9468,0.3057,-0.3059,-4.4907,3.9982,-1.4457,-2.5678,2.1113,-0.2397,-0.4763,-0.5733,0.3498,1.3327,-1.4753,-0.2662,0.6492,0.0948,-0.2337,-1.0,-1.0,-1.0,-1.0,-1.0,-1.0,-1.0,-1.0,-1.0,-1.0,-1.0,-1.0,-1.0,-1.0,-1.0,-1.0,-1.0,-1.0,-1.0,-1.0,-1.0,-1.0,-1.0,-1.0,-1.0,-1.0,-1.0,-1.0,-1.0,-1.0,-1.0,-1.0,-1.0,-1.0,-1.0,-1.0,-1.0,-1.0,-1.0,-1.0,-1.0,-1.0,-1.0,-1.0,-1.0,-1.0,-1.0,-1.0,-1.0,-1.0,-1.0,-1.0,-1.0,-1.0,-1.0,-1.0,-1.0,-1.0,-1.0,-1.0,-1.0,-1.0,-1.0,3.5118969014751498,6.798272153100405,2.139771924057479
18,0.036,-0.2683378571494138,-0.9991786035565049,1.0815533602671552,3.5118969014751498,6.798272153100405,1.806231924057479,0.05367774381488562,0.1924,0.0036,1.0279,0.9989,0.0066,0.0009,0.0462,0.0746,-0.0907,-0.0284,0.0755,-0.0132,0.0024,-0.0814,0.0574,-0.0212,-0.0891,0.0306,0.0065,-0.1344,0.093,-0.0395,-0.0433,0.0347,-0.0058,-0.0092,-0.0079,0.0166,0.0157,-0.0096,-0.0152,0.0075,-0.0002,-0.0014,0.0666,0.1049,-0.0287,0.2024,0.117,2.7444,2.8226,-3.1299,-0.8387,1.1802,0.0102,-0.4162,-2.1293,0.4254,-0.353,-0.1452,-0.1468,0.1092,-4.346,4.1624,-1.4605,-2.7556,2.2779,-0.2343,-0.4928,-0.6071,0.217,1.3663,-1.7055,-0.1656,0.6981,0.1115,-0.261,-1.0,-1.0,-1.0,-1.0,-1.0,-1.0,-1.0,-1.0,-1.0,-1.0,-1.0,-1.0,-1.0,-1.0,-1.0,-1.0,-1.0,-1.0,-1.0,-1.0,-1.0,-1.0,-1.0,-1.0,-1.0,-1.0,-1.0,-1.0,-1.0,-1.0,-1.0,-1.0,-1.0,-1.0,-1.0,-1.0,-1.0,-1.0,-1.0,-1.0,-1.0,-1.0,-1.0,-1.0,-1.0,-1.0,-1.0,-1.0,-1.0,-1.0,-1.0,-1.0,-1.0,-1.0,-1.0,-1.0,-1.0,-1.0,-1.0,-1.0,-1.0,-1.0,-1.0,3.5118969014751498,6.798272153100405,2.139771924057479
19,0.038,-0.26131406334646345,-0.9855820592503041,1.0851462041152702,3.5118969014751498,6.798272153100405,1.786611924057479,0.05367774381488562,0.1926,0.0038,1.0279,0.9988,0.0066,0.0006,0.0486,0.0821,-0.0973,-0.0291,0.083,-0.015,0.0012,-0.0858,0.059,-0.0213,-0.089,0.0298,0.0073,-0.1414,0.1009,-0.0429,-0.0489,0.04,-0.007,-0.0103,-0.0098,0.018,0.0177,-0.0127,-0.0149,0.0081,-0.0007,-0.0012,0.1144,0.0832,-0.0337,-0.0439,-0.2517,2.405,3.7502,-3.2585,-0.3559,3.7473,-0.8887,-0.6215,-2.2247,0.8108,-0.0656,0.0484,-0.4128,0.4001,-3.4957,3.9079,-1.7176,-2.8302,2.6698,-0.5973,-0.5635,-0.9541,0.6596,0.955,-1.5298,0.1657,0.3169,-0.2661,0.1067,-1.0,-1.0,-1.0,-1.0,-1.0,-1.0,-1.0,-1.0,-1.0,-1.0,-1.0,-1.0,-1.0,-1.0,-1.0,-1.0,-1.0,-1.0,-1.0,-1.0,-1.0,-1.0,-1.0,-1.0,-1.0,-1.0,-1.0,-1.0,-1.0,-1.0,-1.0,-1.0,-1.0,-1.0,-1.0,-1.0,-1.0,-1.0,-1.0,-1.0,-1.0,-1.0,-1.0,-1.0,-1.0,-1.0,-1.0,-1.0,-1.0,-1.0,-1.0,-1.0,-1.0,-1.0,-1.0,-1.0,-1.0,-1.0,-1.0,-1.0,-1.0,-1.0,-1.0,3.5118969014751498,6.798272153100405,2.139771924057479
20,0.04,-0.2542902695435132,-0.9719855149441032,1.0886998079633852,3.5118969014751498,6.798272153100405,1.766991924057479,0.05367774381488562,0.193,0.0039,1.0278,0.9987,0.0064,0.0,0.0508,0.0911,-0.1041,-0.029,0.0956,-0.0184,-0.0004,-0.0903,0.0614,-0.021,-0.0886,0.0284,0.0085,-0.1473,0.1084,-0.0468,-0.0547,0.046,-0.0089,-0.0116,-0.0124,0.0199,0.0187,-0.0148,-0.0139,0.008,-0.002,-0.0003,0.1607,0.0658,-0.0419,-0.2541,-0.6174,2.1781,4.5118,-3.4046,0.0883,6.2904,-1.732,-0.8119,-2.2634,1.2191,0.1623,0.2213,-0.6897,0.6048,-2.9566,3.7642,-1.9302,-2.8661,3.0256,-0.9538,-0.637,-1.2919,0.9912,0.523,-1.0883,0.5059,-0.0572,-0.6318,0.4647,-1.0,-1.0,-1.0,-1.0,-1.0,-1.0,-1.0,-1.0,-1.0,-1.0,-1.0,-1.0,-1.0,-1.0,-1.0,-1.0,-1.0,-1.0,-1.0,-1.0,-1.0,-1.0,-1.0,-1.0,-1.0,-1.0,-1.0,-1.0,-1.0,-1.0,-1.0,-1.0,-1.0,-1.0,-1.0,-1.0,-1.0,-1.0,-1.0,-1.0,-1.0,-1.0,-1.0,-1.0,-1.0,-1.0,-1.0,-1.0,-1.0,-1.0,-1.0,-1.0,-1.0,-1.0,-1.0,-1.0,-1.0,-1.0,-1.0,-1.0,-1.0,-1.0,-1.0,3.5118969014751498,6.798272153100405,2.139771924057479
21,0.042,-0.2472664757405629,-0.9583889706379025,1.0922141718115,3.5118969014751498,6.798272153100405,1.747371924057479,0.05367774381488562,0.1934,0.0041,1.0277,0.9986,0.006,-0.001,0.0529,0.1013,-0.1112,-0.028,0.1132,-0.0235,-0.0024,-0.0947,0.0647,-0.0203,-0.0878,0.0264,0.0098,-0.1527,0.1158,-0.051,-0.0604,0.0528,-0.0115,-0.013,-0.0156,0.0224,0.019,-0.0161,-0.0122,0.0071,-0.004,0.0014,0.2046,0.0529,-0.0539,-0.4281,-0.98,2.0454,5.1227,-3.5665,0.4986,8.8063,-2.5197,-0.9878,-2.1985,1.6379,0.3328,0.3813,-1.0036,0.6334,-2.6795,3.71,-2.1065,-2.8713,3.3518,-1.3037,-0.7125,-1.621,1.2215,0.1323,-0.6291,0.8504,-0.4242,-0.9877,0.8146,-1.0,-1.0,-1.0,-1.0,-1.0,-1.0,-1.0,-1.0,-1.0,-1.0,-1.0,-1.0,-1.0,-1.0,-1.0,-1.0,-1.0,-1.0,-1.0,-1.0,-1.0,-1.0,-1.0,-1.0,-1.0,-1.0,-1.0,-1.0,-1.0,-1.0,-1.0,-1.0,-1.0,-1.0,-1.0,-1.0,-1.0,-1.0,-1.0,-1.0,-1.0,-1.0,-1.0,-1.0,-1.0,-1.0,-1.0,-1.0,-1.0,-1.0,-1.0,-1.0,-1.0,-1.0,-1.0,-1.0,-1.0,-1.0,-1.0,-1.0,-1.0,-1.0,-1.0,3.5118969014751498,6.798272153100405,2.139771924057479
22,0.044,-0.24024268193761258,-0.9447924263317016,1.0956892956596151,3.5118969014751498,6.798272153100405,1.727751924057479,0.05367774381488562,0.1939,0.0041,1.0275,0.9985,0.0055,-0.0024,0.0548,0.1125,-0.1187,-0.0262,0.1358,-0.03,-0.0047,-0.0987,0.0688,-0.0194,-0.0867,0.0237,0.0112,-0.158,0.1233,-0.0555,-0.0661,0.0601,-0.0148,-0.0146,-0.0195,0.0251,0.0185,-0.0164,-0.0098,0.0056,-0.0066,0.0037,0.2468,0.0432,-0.0655,-0.5802,-1.3396,1.9916,5.5975,-3.741,0.9002,11.2897,-3.2517,-1.1499,-2.0099,2.0618,0.4684,0.5704,-1.3095,0.6979,-2.6291,3.7324,-2.255,-2.8495,3.656,-1.6472,-0.7891,-1.9414,1.3689,-0.2243,-0.1534,1.1825,-0.784,-1.3326,1.1565,-1.0,-1.0,-1.0,-1.0,-1.0,-1.0,-1.0,-1.0,-1.0,-1.0,-1.0,-1.0,-1.0,-1.0,-1.0,-1.0,-1.0,-1.0,-1.0,-1.0,-1.0,-1.0,-1.0,-1.0,-1.0,-1.0,-1.0,-1.0,-1.0,-1.0,-1.0,-1.0,-1.0,-1.0,-1.0,-1.0,-1.0,-1.0,-1.0,-1.0,-1.0,-1.0,-1.0,-1.0,-1.0,-1.0,-1.0,-1.0,-1.0,-1.0,-1.0,-1.0,-1.0,-1.0,-1.0,-1.0,-1.0,-1.0,-1.0,-1.0,-1.0,-1.0,-1.0,3.5118969014751498,6.798272153100405,2.139771924057479
23,0.046,-0.23321888813466232,-0.9311958820255009,1.0991251795077301,3.5118969014751498,6.798272153100405,1.708131924057479,0.05367774381488562,0.1945,0.0042,1.0274,0.9984,0.0049,-0.0042,0.0568,0.1244,-0.1261,-0.0235,0.1622,-0.0378,-0.0073,-0.1023,0.0738,-0.0182,-0.0851,0.0205,0.0128,-0.1634,0.1309,-0.0603,-0.0717,0.068,-0.0188,-0.0163,-0.024,0.0281,0.0174,-0.0157,-0.0071,0.0033,-0.01,0.0067,0.2908,0.0366,-0.0736,-0.7173,-1.6989,1.96,5.9275,-3.7287,1.3126,13.1987,-3.8957,-1.2984,-1.7733,2.4778,0.5734,0.8057,-1.6414,0.8062,-2.7317,3.8283,-2.383,-2.8052,3.9452,-1.9843,-0.8662,-2.2537,1.473,-0.5515,0.3378,1.3606,-1.1366,-1.6615,1.4906,-1.0,-1.0,-1.0,-1.0,-1.0,-1.0,-1.0,-1.0,-1.0,-1.0,-1.0,-1.0,-1.0,-1.0,-1.0,-1.0,-1.0,-1.0,-1.0,-1.0,-1.0,-1.0,-1.0,-1.0,-1.0,-1.0,-1.0,-1.0,-1.0,-1.0,-1.0,-1.0,-1.0,-1.0,-1.0,-1.0,-1.0,-1.0,-1.0,-1.0,-1.0,-1.0,-1.0,-1.0,-1.0,-1.0,-1.0,-1.0,-1.0,-1.0,-1.0,-1.0,-1.0,-1.0,-1.0,-1.0,-1.0,-1.0,-1.0,-1.0,-1.0,-1.0,-1.0,3.5118969014751498,6.798272153100405,2.139771924057479
24,0.048,-0.226195094331712,-0.9175993377193001,1.102521823355845,3.5118969014751498,6.798272153100405,1.688511924057479,0.05367774381488562,0.1951,0.0043,1.0272,0.9982,0.0041,-0.0063,0.0587,0.1366,-0.1331,-0.02,0.191,-0.0466,-0.0102,-0.1052,0.0796,-0.0169,-0.0829,0.0166,0.0145,-0.1693,0.1389,-0.0653,-0.0772,0.0763,-0.0234,-0.0182,-0.0291,0.0312,0.0157,-0.0141,-0.0043,0.0003,-0.0139,0.0102,0.3374,0.0332,-0.0763,-0.8425,-2.0575,1.9348,6.1182,-3.4777,1.744,14.3843,-4.447,-1.4345,-1.4391,2.8864,0.6576,1.082,-1.9415,0.8579,-2.959,3.995,-2.4958,-2.7429,4.1867,-2.3149,-0.9422,-2.5579,1.5395,-0.8549,0.8421,1.4071,-1.4819,-1.9751,1.7825,-1.0,-1.0,-1.0,-1.0,-1.0,-1.0,-1.0,-1.0,-1.0,-1.0,-1.0,-1.0,-1.0,-1.0,-1.0,-1.0,-1.0,-1.0,-1.0,-1.0,-1.0,-1.0,-1.0,-1.0,-1.0,-1.0,-1.0,-1.0,-1.0,-1.0,-1.0,-1.0,-1.0,-1.0,-1.0,-1.0,-1.0,-1.0,-1.0,-1.0,-1.0,-1.0,-1.0,-1.0,-1.0,-1.0,-1.0,-1.0,-1.0,-1.0,-1.0,-1.0,-1.0,-1.0,-1.0,-1.0,-1.0,-1.0,-1.0,-1.0,-1.0,-1.0,-1.0,3.5118969014751498,6.798272153100405,2.139771924057479
25,0.05,-0.21917130052876171,-0.9040027934130992,1.10587922720396,3.5118969014751498,6.798272153100405,1.668891924057479,0.05367774381488562,0.1959,0.0043,1.0271,0.9981,0.0032,-0.0087,0.0606,0.1491,-0.1396,-0.0155,0.2221,-0.0566,-0.0133,-0.1074,0.086,-0.0153,-0.0798,0.0117,0.0163,-0.1756,0.1466,-0.0704,-0.0827,0.0852,-0.0287,-0.0202,-0.0348,0.0344,0.0134,-0.0114,-0.0014,-0.0033,-0.0185,0.0144,0.3775,0.0247,-0.0803,-1.0057,-2.4168,1.9427,6.2246,-3.2654,2.2594,15.5848,-4.9547,-1.5435,-1.1259,3.2143,0.8099,1.5576,-2.4291,0.8862,-3.143,3.8336,-2.5741,-2.737,4.4273,-2.6384,-1.0172,-2.8543,1.6329,-1.1707,1.3272,1.4191,-1.8202,-2.2783,2.1016,-1.0,-1.0,-1.0,-1.0,-1.0,-1.0,-1.0,-1.0,-1.0,-1.0,-1.0,-1.0,-1.0,-1.0,-1.0,-1.0,-1.0,-1.0,-1.0,-1.0,-1.0,-1.0,-1.0,-1.0,-1.0,-1.0,-1.0,-1.0,-1.0,-1.0,-1.0,-1.0,-1.0,-1.0,-1.0,-1.0,-1.0,-1.0,-1.0,-1.0,-1.0,-1.0,-1.0,-1.0,-1.0,-1.0,-1.0,-1.0,-1.0,-1.0,-1.0,-1.0,-1.0,-1.0,-1.0,-1.0,-1.0,-1.0,-1.0,-1.0,-1.0,-1.0,-1.0,3.5118969014751498,6.798272153100405,2.139771924057479
26,0.052,-0.2121475067258114,-0.8904062491068985,1.109197391052075,3.5118969014751498,6.798272153100405,1.6492719240574791,0.05367774381488562,0.1967,0.0044,1.0269,0.998,0.0023,-0.0116,0.0626,0.1615,-0.1453,-0.01,0.2545,-0.0673,-0.0166,-0.1091,0.0931,-0.0134,-0.0757,0.006,0.0177,-0.1826,0.1542,-0.0757,-0.0881,0.0941,-0.0346,-0.0224,-0.0411,0.0378,0.0104,-0.0077,0.0013,-0.0076,-0.0236,0.0193,0.4212,0.0216,-0.0777,-1.1431,-2.7803,1.9764,6.2165,-2.854,2.7722,16.1958,-5.3853,-1.6396,-0.8208,3.5402,0.9424,2.0514,-2.8365,0.7059,-3.4876,3.7793,-2.6436,-2.6889,4.4577,-2.9554,-1.093,-3.1433,1.6731,-1.4606,1.8249,1.34,-2.1519,-2.5687,2.4134,-1.0,-1.0,-1.0,-1.0,-1.0,-1.0,-1.0,-1.0,-1.0,-1.0,-1.0,-1.0,-1.0,-1.0,-1.0,-1.0,-1.0,-1.0,-1.0,-1.0,-1.0,-1.0,-1.0,-1.0,-1.0,-1.0,-1.0,-1.0,-1.0,-1.0,-1.0,-1.0,-1.0,-1.0,-1.0,-1.0,-1.0,-1.0,-1.0,-1.0,-1.0,-1.0,-1.0,-1.0,-1.0,-1.0,-1.0,-1.0,-1.0,-1.0,-1.0,-1.0,-1.0,-1.0,-1.0,-1.0,-1.0,-1.0,-1.0,-1.0,-1.0,-1.0,-1.0,3.5118969014751498,6.798272153100405,2.139771924057479
27,0.054,-0.20512371292286108,-0.8768097048006975,1.11247631490019,3.5118969014751498,6.798272153100405,1.629651924057479,0.05367774381488562,0.1977,0.0044,1.0268,0.9978,0.0012,-0.0148,0.0646,0.1738,-0.15,-0.0034,0.2875,-0.0788,-0.02,-0.1101,0.1008,-0.0113,-0.0705,-0.0005,0.0187,-0.1903,0.1616,-0.0812,-0.0932,0.103,-0.0412,-0.0248,-0.048,0.0412,0.007,-0.0031,0.0038,-0.0126,-0.0293,0.0247,0.4661,0.0209,-0.0752,-1.2649,-3.1464,2.0199,6.136,-2.3382,3.2962,16.4819,-5.7614,-1.7079,-0.5274,3.8524,1.0546,2.5931,-3.2706,0.5025,-3.8688,3.747,-2.7268,-2.57,4.4306,-3.2663,-1.1666,-3.4256,1.694,-1.7423,2.3146,1.2521,-2.4774,-2.8527,2.7178,-1.0,-1.0,-1.0,-1.0,-1.0,-1.0,-1.0,-1.0,-1.0,-1.0,-1.0,-1.0,-1.0,-1.0,-1.0,-1.0,-1.0,-1.0,-1.0,-1.0,-1.0,-1.0,-1.0,-1.0,-1.0,-1.0,-1.0,-1.0,-1.0,-1.0,-1.0,-1.0,-1.0,-1.0,-1.0,-1.0,-1.0,-1.0,-1.0,-1.0,-1.0,-1.0,-1.0,-1.0,-1.0,-1.0,-1.0,-1.0,-1.0,-1.0,-1.0,-1.0,-1.0,-1.0,-1.0,-1.0,-1.0,-1.0,-1.0,-1.0,-1.0,-1.0,-1.0,3.5118969014751498,6.798272153100405,2.139771924057479
28,0.056,-0.19809991911991082,-0.8632131604944968,1.1157159987483047,3.5118969014751498,6.798272153100405,1.6100319240574792,0.05367774381488562,0.1987,0.0044,1.0266,0.9976,0.0,-0.0184,0.0666,0.1858,-0.1536,0.0043,0.3208,-0.091,-0.0234,-0.1107,0.109,-0.0089,-0.0641,-0.0079,0.0192,-0.1987,0.169,-0.0868,-0.098,0.1119,-0.0483,-0.0272,-0.0554,0.0446,0.0029,0.0024,0.0062,-0.0182,-0.0356,0.0307,0.5108,0.0186,-0.0768,-1.3929,-3.5126,2.0502,6.0212,-1.7952,3.862,16.6533,-6.1003,-1.7342,-0.2884,4.1272,1.1792,3.1964,-3.7158,0.273,-4.1612,3.6784,-2.831,-2.4078,4.4755,-3.5712,-1.2333,-3.7018,1.735,-2.0337,2.7794,1.226,-2.7969,-3.1347,3.0143,-1.0,-1.0,-1.0,-1.0,-1.0,-1.0,-1.0,-1.0,-1.0,-1.0,-1.0,-1.0,-1.0,-1.0,-1.0,-1.0,-1.0,-1.0,-1.0,-1.0,-1.0,-1.0,-1.0,-1.0,-1.0,-1.0,-1.0,-1.0,-1.0,-1.0,-1.0,-1.0,-1.0,-1.0,-1.0,-1.0,-1.0,-1.0,-1.0,-1.0,-1.0,-1.0,-1.0,-1.0,-1.0,-1.0,-1.0,-1.0,-1.0,-1.0,-1.0,-1.0,-1.0,-1.0,-1.0,-1.0,-1.0,-1.0,-1.0,-1.0,-1.0,-1.0,-1.0,3.5118969014751498,6.798272153100405,2.139771924057479
29,0.058,-0.1910761253169605,-0.849616616188296,1.1189164425964198,3.5118969014751498,6.798272153100405,1.590411924057479,0.05367774381488562,0.1998,0.0045,1.0265,0.9974,-0.0013,-0.0224,0.0686,0.1975,-0.1561,0.0132,0.3542,-0.1039,-0.0269,-0.1106,0.1178,-0.0063,-0.0564,-0.0165,0.0188,-0.2075,0.1763,-0.0927,-0.1026,0.121,-0.056,-0.0298,-0.0633,0.0482,-0.0018,0.0089,0.0085,-0.0244,-0.0424,0.0373,0.5559,0.0159,-0.0844,-1.5178,-3.8705,2.0859,5.8628,-1.2337,4.4525,16.7035,-6.4031,-1.7209,0.0329,4.4009,1.3235,3.8721,-4.2688,-0.238,-4.3994,3.6601,-2.9407,-2.2712,4.5384,-3.8707,-1.2985,-3.9714,1.8049,-2.3302,3.2229,1.1473,-3.1103,-3.4134,3.3034,-1.0,-1.0,-1.0,-1.0,-1.0,-1.0,-1.0,-1.0,-1.0,-1.0,-1.0,-1.0,-1.0,-1.0,-1.0,-1.0,-1.0,-1.0,-1.0,-1.0,-1.0,-1.0,-1.0,-1.0,-1.0,-1.0,-1.0,-1.0,-1.0,-1.0,-1.0,-1.0,-1.0,-1.0,-1.0,-1.0,-1.0,-1.0,-1.0,-1.0,-1.0,-1.0,-1.0,-1.0,-1.0,-1.0,-1.0,-1.0,-1.0,-1.0,-1.0,-1.0,-1.0,-1.0,-1.0,-1.0,-1.0,-1.0,-1.0,-1.0,-1.0,-1.0,-1.0,3.5118969014751498,6.798272153100405,2.139771924057479
30,0.06,-0.1840523315140102,-0.8360200718820952,1.1220776464445346,3.5118969014751498,6.798272153100405,1.570791924057479,0.05367774381488562,0.201,0.0045,1.0263,0.9971,-0.0027,-0.0267,0.0707,0.2089,-0.1573,0.0234,0.3875,-0.1172,-0.0302,-0.1103,0.1271,-0.0034,-0.0471,-0.026,0.0174,-0.2165,0.1836,-0.0988,-0.107,0.1302,-0.0644,-0.0325,-0.0718,0.0521,-0.007,0.0162,0.0105,-0.0312,-0.0498,0.0445,0.6033,0.012,-0.0949,-1.65,-4.228,2.0938,5.6909,-0.6343,5.0842,16.6237,-6.672,-1.6708,0.1805,4.6248,1.4515,4.6091,-4.7894,-0.6892,-4.5404,3.6581,-3.0405,-2.2104,4.63,-4.1645,-1.3614,-4.2343,1.9195,-2.6352,3.6452,0.9772,-3.4177,-3.687,3.5851,-1.0,-1.0,-1.0,-1.0,-1.0,-1.0,-1.0,-1.0,-1.0,-1.0,-1.0,-1.0,-1.0,-1.0,-1.0,-1.0,-1.0,-1.0,-1.0,-1.0,-1.0,-1.0,-1.0,-1.0,-1.0,-1.0,-1.0,-1.0,-1.0,-1.0,-1.0,-1.0,-1.0,-1.0,-1.0,-1.0,-1.0,-1.0,-1.0,-1.0,-1.0,-1.0,-1.0,-1.0,-1.0,-1.0,-1.0,-1.0,-1.0,-1.0,-1.0,-1.0,-1.0,-1.0,-1.0,-1.0,-1.0,-1.0,-1.0,-1.0,-1.0,-1.0,-1.0,3.5118969014751498,6.798272153100405,2.139771924057479
31,0.062,-0.17702853771105992,-0.8224235275758944,1.1251996102926498,3.5118969014751498,6.798272153100405,1.551171924057479,0.05367774381488562,0.2023,0.0045,1.0261,0.9968,-0.0042,-0.0314,0.0728,0.2193,-0.158,0.0342,0.4203,-0.1356,-0.0335,-0.1104,0.1366,-0.0004,-0.0351,-0.0351,0.0157,-0.2257,0.1908,-0.1045,-0.1116,0.1397,-0.0733,-0.0354,-0.0808,0.0562,-0.0129,0.0242,0.0123,-0.0387,-0.0577,0.0522,0.6377,0.0046,-0.0994,-1.7305,-4.5532,2.1152,5.1752,-0.3071,5.3944,16.4088,-9.1769,-1.6156,-0.0467,4.7716,1.5196,6.0258,-4.5239,-0.8536,-4.5608,3.56,-2.8644,-2.3042,4.72,-4.4544,-1.4429,-4.4932,2.0632,-2.9295,4.0251,0.8937,-3.7198,-3.9639,3.8532,-1.0,-1.0,-1.0,-1.0,-1.0,-1.0,-1.0,-1.0,-1.0,-1.0,-1.0,-1.0,-1.0,-1.0,-1.0,-1.0,-1.0,-1.0,-1.0,-1.0,-1.0,-1.0,-1.0,-1.0,-1.0,-1.0,-1.0,-1.0,-1.0,-1.0,-1.0,-1.0,-1.0,-1.0,-1.0,-1.0,-1.0,-1.0,-1.0,-1.0,-1.0,-1.0,-1.0,-1.0,-1.0,-1.0,-1.0,-1.0,-1.0,-1.0,-1.0,-1.0,-1.0,-1.0,-1.0,-1.0,-1.0,-1.0,-1.0,-1.0,-1.0,-1.0,-1.0,3.5118969014751498,6.798272153100405,2.139771924057479
32,0.064,-0.1700047439081096,-0.8088269832696935,1.1282823341407646,3.5118969014751498,6.798272153100405,1.531551924057479,0.05367774381488562,0.2036,0.0045,1.0258,0.9965,-0.0058,-0.0364,0.0748,0.2294,-0.1577,0.0464,0.4541,-0.1542,-0.0364,-0.1113,0.1465,0.003,-0.02,-0.0435,0.0136,-0.2346,0.1973,-0.1092,-0.1169,0.1493,-0.0828,-0.0385,-0.0903,0.0607,-0.0193,0.033,0.0138,-0.0467,-0.0662,0.0604,0.6871,-0.0171,-0.1228,-1.88,-4.9398,2.094,5.075,0.1048,6.1156,16.9372,-9.2983,-1.4956,-0.4592,4.9516,1.6796,7.5678,-4.203,-1.0151,-4.4774,3.2707,-2.324,-2.673,4.8138,-4.7406,-1.5162,-4.7474,2.2459,-3.1844,4.3722,0.7869,-4.0161,-4.2364,4.0985,-1.0,-1.0,-1.0,-1.0,-1.0,-1.0,-1.0,-1.0,-1.0,-1.0,-1.0,-1.0,-1.0,-1.0,-1.0,-1.0,-1.0,-1.0,-1.0,-1.0,-1.0,-1.0,-1.0,-1.0,-1.0,-1.0,-1.0,-1.0,-1.0,-1.0,-1.0,-1.0,-1.0,-1.0,-1.0,-1.0,-1.0,-1.0,-1.0,-1.0,-1.0,-1.0,-1.0,-1.0,-1.0,-1.0,-1.0,-1.0,-1.0,-1.0,-1.0,-1.0,-1.0,-1.0,-1.0,-1.0,-1.0,-1.0,-1.0,-1.0,-1.0,-1.0,-1.0,3.5118969014751498,6.798272153100405,2.139771924057479
33,0.066,-0.1629809501051593,-0.7952304389634928,1.1313258179888797,3.5118969014751498,6.798272153100405,1.5119319240574791,0.05367774381488562,0.2051,0.0044,1.0255,0.9961,-0.0075,-0.0419,0.0768,0.2393,-0.1565,0.0602,0.4886,-0.1729,-0.0392,-0.1132,0.1566,0.0067,-0.0013,-0.0512,0.0113,-0.2433,0.2033,-0.1129,-0.1227,0.1592,-0.0928,-0.0416,-0.1003,0.0655,-0.026,0.0423,0.0154,-0.0553,-0.0752,0.069,0.7369,-0.0406,-0.1451,-2.0365,-5.328,2.0267,4.954,0.599,6.8799,17.2211,-9.3824,-1.3774,-0.9358,5.0503,1.8335,9.3099,-3.8576,-1.1587,-4.3384,2.9895,-1.8513,-2.8688,4.9209,-5.0209,-1.5872,-4.9963,2.4183,-3.3466,4.6496,0.7649,-4.3073,-4.5084,4.3198,-1.0,-1.0,-1.0,-1.0,-1.0,-1.0,-1.0,-1.0,-1.0,-1.0,-1.0,-1.0,-1.0,-1.0,-1.0,-1.0,-1.0,-1.0,-1.0,-1.0,-1.0,-1.0,-1.0,-1.0,-1.0,-1.0,-1.0,-1.0,-1.0,-1.0,-1.0,-1.0,-1.0,-1.0,-1.0,-1.0,-1.0,-1.0,-1.0,-1.0,-1.0,-1.0,-1.0,-1.0,-1.0,-1.0,-1.0,-1.0,-1.0,-1.0,-1.0,-1.0,-1.0,-1.0,-1.0,-1.0,-1.0,-1.0,-1.0,-1.0,-1.0,-1.0,-1.0,3.5118969014751498,6.798272153100405,2.139771924057479
34,0.068,-0.155957156302209,-0.7816338946572919,1.1343300618369945,3.5118969014751498,6.798272153100405,1.492311924057479,0.05367774381488562,0.2067,0.0043,1.0252,0.9957,-0.0093,-0.0477,0.0786,0.249,-0.1543,0.0756,0.5233,-0.1918,-0.0418,-0.116,0.1668,0.0106,0.0185,-0.0619,0.0084,-0.2515,0.2087,-0.1158,-0.1284,0.1694,-0.1033,-0.045,-0.1108,0.0706,-0.0329,0.052,0.0173,-0.0645,-0.0848,0.0781,0.7794,-0.0657,-0.1523,-2.2306,-5.6981,1.859,4.8337,1.1143,7.7135,17.3694,-9.4362,-1.2875,-1.4206,5.0814,1.9813,9.9164,-5.3221,-1.48,-4.0963,2.7131,-1.4606,-2.8515,5.1015,-5.2571,-1.6572,-5.2401,2.5561,-3.4601,4.8851,0.9681,-4.593,-4.7815,4.5191,-1.0,-1.0,-1.0,-1.0,-1.0,-1.0,-1.0,-1.0,-1.0,-1.0,-1.0,-1.0,-1.0,-1.0,-1.0,-1.0,-1.0,-1.0,-1.0,-1.0,-1.0,-1.0,-1.0,-1.0,-1.0,-1.0,-1.0,-1.0,-1.0,-1.0,-1.0,-1.0,-1.0,-1.0,-1.0,-1.0,-1.0,-1.0,-1.0,-1.0,-1.0,-1.0,-1.0,-1.0,-1.0,-1.0,-1.0,-1.0,-1.0,-1.0,-1.0,-1.0,-1.0,-1.0,-1.0,-1.0,-1.0,-1.0,-1.0,-1.0,-1.0,-1.0,-1.0,3.5118969014751498,6.798272153100405,2.139771924057479
35,0.07,-0.1489333624992587,-0.7680373503510911,1.1372950656851095,3.5118969014751498,6.798272153100405,1.472691924057479,0.05367774381488562,0.2083,0.0041,1.0249,0.9953,-0.0114,-0.0539,0.0802,0.2584,-0.151,0.0928,0.5583,-0.2107,-0.0442,-0.1198,0.1769,0.0148,0.04,-0.0752,0.0048,-0.2591,0.2137,-0.118,-0.134,0.18,-0.1142,-0.0484,-0.1217,0.076,-0.0399,0.0622,0.0198,-0.0742,-0.0949,0.0875,0.8217,-0.091,-0.1587,-2.4301,-6.0682,1.6429,4.7165,1.6467,8.5777,17.48,-9.4683,-1.2242,-1.8984,5.0304,2.1035,10.7685,-6.6903,-1.7998,-3.7898,2.4777,-1.1283,-2.8013,5.3243,-5.4321,-1.7264,-5.4777,2.6885,-3.5173,5.0746,1.2451,-4.8735,-5.0509,4.6979,-1.0,-1.0,-1.0,-1.0,-1.0,-1.0,-1.0,-1.0,-1.0,-1.0,-1.0,-1.0,-1.0,-1.0,-1.0,-1.0,-1.0,-1.0,-1.0,-1.0,-1.0,-1.0,-1.0,-1.0,-1.0,-1.0,-1.0,-1.0,-1.0,-1.0,-1.0,-1.0,-1.0,-1.0,-1.0,-1.0,-1.0,-1.0,-1.0,-1.0,-1.0,-1.0,-1.0,-1.0,-1.0,-1.0,-1.0,-1.0,-1.0,-1.0,-1.0,-1.0,-1.0,-1.0,-1.0,-1.0,-1.0,-1.0,-1.0,-1.0,-1.0,-1.0,-1.0,3.5118969014751498,6.798272153100405,2.139771924057479
36,0.072,-0.14190956869630839,-0.7544408060448903,1.1402208295332246,3.5118969014751498,6.798272153100405,1.453071924057479,0.05367774381488562,0.2101,0.0039,1.0246,0.9947,-0.0135,-0.0605,0.0815,0.2676,-0.1466,0.1117,0.5933,-0.2297,-0.0466,-0.1245,0.1866,0.0192,0.0639,-0.0911,0.0005,-0.2659,0.2182,-0.1197,-0.1394,0.1912,-0.1253,-0.052,-0.1331,0.0817,-0.047,0.0726,0.0228,-0.0845,-0.1055,0.0972,0.8641,-0.1162,-0.1647,-2.6319,-6.4365,1.372,4.6059,2.2143,9.4658,17.5093,-9.4777,-1.1862,-2.3614,4.8879,2.1941,11.9091,-7.9399,-2.1055,-3.4076,2.2925,-0.8519,-2.7211,5.5823,-5.5506,-1.7939,-5.7094,2.833,-3.5192,5.2198,1.5067,-5.1486,-5.3093,4.8589,-1.0,-1.0,-1.0,-1.0,-1.0,-1.0,-1.0,-1.0,-1.0,-1.0,-1.0,-1.0,-1.0,-1.0,-1.0,-1.0,-1.0,-1.0,-1.0,-1.0,-1.0,-1.0,-1.0,-1.0,-1.0,-1.0,-1.0,-1.0,-1.0,-1.0,-1.0,-1.0,-1.0,-1.0,-1.0,-1.0,-1.0,-1.0,-1.0,-1.0,-1.0,-1.0,-1.0,-1.0,-1.0,-1.0,-1.0,-1.0,-1.0,-1.0,-1.0,-1.0,-1.0,-1.0,-1.0,-1.0,-1.0,-1.0,-1.0,-1.0,-1.0,-1.0,-1.0,3.5118969014751498,6.798272153100405,2.139771924057479
37,0.074,-0.13488577489335807,-0.7408442617386894,1.1431073533813394,3.5118969014751498,6.798272153100405,1.4334519240574788,0.05367774381488562,0.2119,0.0036,1.0242,0.9942,-0.0159,-0.0675,0.0826,0.276,-0.1422,0.1324,0.6322,-0.2488,-0.049,-0.1302,0.1961,0.0238,0.0926,-0.1058,-0.0038,-0.2722,0.2225,-0.1211,-0.1446,0.2028,-0.1369,-0.0553,-0.145,0.0876,-0.0539,0.0833,0.0262,-0.0954,-0.1165,0.1072,0.9026,-0.1437,-0.1991,-2.8271,-6.801,1.2572,4.2024,2.1812,10.3643,19.4335,-9.5651,-1.187,-2.8515,4.7117,2.2884,14.3923,-7.3337,-2.1893,-3.1487,2.1496,-0.6626,-2.5911,5.7897,-5.8143,-1.6769,-5.9352,2.9713,-3.4814,5.3302,1.7008,-5.4187,-5.5152,5.0231,-1.0,-1.0,-1.0,-1.0,-1.0,-1.0,-1.0,-1.0,-1.0,-1.0,-1.0,-1.0,-1.0,-1.0,-1.0,-1.0,-1.0,-1.0,-1.0,-1.0,-1.0,-1.0,-1.0,-1.0,-1.0,-1.0,-1.0,-1.0,-1.0,-1.0,-1.0,-1.0,-1.0,-1.0,-1.0,-1.0,-1.0,-1.0,-1.0,-1.0,-1.0,-1.0,-1.0,-1.0,-1.0,-1.0,-1.0,-1.0,-1.0,-1.0,-1.0,-1.0,-1.0,-1.0,-1.0,-1.0,-1.0,-1.0,-1.0,-1.0,-1.0,-1.0,-1.0,3.5118969014751498,6.798272153100405,2.139771924057479
38,0.076,-0.1278619810904078,-0.7272477174324887,1.1459546372294542,3.5118969014751498,6.798272153100405,1.413831924057479,0.05367774381488562,0.2137,0.0032,1.0237,0.9935,-0.0184,-0.0748,0.0837,0.284,-0.1379,0.155,0.6747,-0.268,-0.0514,-0.1369,0.2052,0.0285,0.1263,-0.1192,-0.0084,-0.278,0.2266,-0.1221,-0.1495,0.2147,-0.1491,-0.0583,-0.1573,0.0938,-0.0607,0.0941,0.03,-0.1067,-0.1278,0.1176,0.9427,-0.1716,-0.237,-3.0259,-7.1676,1.1286,3.9572,2.1668,11.299,21.2588,-9.6154,-1.1961,-3.3468,4.5601,2.3535,16.8388,-6.7112,-2.268,-2.916,2.0412,-0.5016,-2.4382,5.9723,-6.0729,-1.4967,-6.1552,3.0885,-3.3695,5.4016,1.8833,-5.6837,-5.6652,5.17,-1.0,-1.0,-1.0,-1.0,-1.0,-1.0,-1.0,-1.0,-1.0,-1.0,-1.0,-1.0,-1.0,-1.0,-1.0,-1.0,-1.0,-1.0,-1.0,-1.0,-1.0,-1.0,-1.0,-1.0,-1.0,-1.0,-1.0,-1.0,-1.0,-1.0,-1.0,-1.0,-1.0,-1.0,-1.0,-1.0,-1.0,-1.0,-1.0,-1.0,-1.0,-1.0,-1.0,-1.0,-1.0,-1.0,-1.0,-1.0,-1.0,-1.0,-1.0,-1.0,-1.0,-1.0,-1.0,-1.0,-1.0,-1.0,-1.0,-1.0,-1.0,-1.0,-1.0,3.5118969014751498,6.798272153100405,2.139771924057479
39,0.078,-0.12083818728745754,-0.7136511731262879,1.1487626810775693,3.5118969014751498,6.798272153100405,1.394211924057479,0.05367774381488562,0.2157,0.0028,1.0231,0.9928,-0.021,-0.0826,0.0845,0.2916,-0.1335,0.1796,0.7206,-0.2873,-0.0538,-0.1444,0.214,0.0333,0.1648,-0.1315,-0.013,-0.2832,0.2305,-0.1228,-0.154,0.227,-0.1617,-0.061,-0.17,0.1003,-0.0671,0.105,0.0341,-0.1186,-0.1393,0.1282,0.9829,-0.1998,-0.2788,-3.2304,-7.5287,0.9246,3.8016,2.2043,12.2742,22.9647,-9.6288,-1.2116,-3.7614,4.4177,2.3972,19.2496,-6.1271,-2.3407,-2.5712,1.9379,-0.3703,-2.2754,6.1356,-6.3262,-1.3319,-6.3697,3.2251,-3.2342,5.4462,2.0407,-5.9434,-5.7084,5.2982,-1.0,-1.0,-1.0,-1.0,-1.0,-1.0,-1.0,-1.0,-1.0,-1.0,-1.0,-1.0,-1.0,-1.0,-1.0,-1.0,-1.0,-1.0,-1.0,-1.0,-1.0,-1.0,-1.0,-1.0,-1.0,-1.0,-1.0,-1.0,-1.0,-1.0,-1.0,-1.0,-1.0,-1.0,-1.0,-1.0,-1.0,-1.0,-1.0,-1.0,-1.0,-1.0,-1.0,-1.0,-1.0,-1.0,-1.0,-1.0,-1.0,-1.0,-1.0,-1.0,-1.0,-1.0,-1.0,-1.0,-1.0,-1.0,-1.0,-1.0,-1.0,-1.0,-1.0,3.5118969014751498,6.798272153100405,2.139771924057479
40,0.08,-0.11381439348450723,-0.7000546288200871,1.1515314849256844,3.5118969014751498,6.798272153100405,1.374591924057479,0.05367774381488562,0.2177,0.0024,1.0225,0.992,-0.0238,-0.0907,0.0849,0.2989,-0.1288,0.2061,0.7697,-0.3065,-0.0562,-0.1525,0.2226,0.0381,0.2079,-0.1427,-0.0179,-0.287,0.2337,-0.1232,-0.1571,0.2387,-0.175,-0.0635,-0.1832,0.1071,-0.0734,0.1159,0.0384,-0.131,-0.1505,0.139,1.0164,-0.2322,-0.3266,-3.437,-7.8782,0.5844,3.6573,2.3298,13.2802,24.5403,-9.6065,-1.2323,-4.028,4.2891,2.4162,21.5338,-5.627,-2.4056,-1.9257,1.6024,-0.1718,-1.5353,5.8676,-6.6593,-1.2299,-6.5847,3.4387,-3.1166,5.4667,2.1538,-6.1975,-5.6142,5.4058,-1.0,-1.0,-1.0,-1.0,-1.0,-1.0,-1.0,-1.0,-1.0,-1.0,-1.0,-1.0,-1.0,-1.0,-1.0,-1.0,-1.0,-1.0,-1.0,-1.0,-1.0,-1.0,-1.0,-1.0,-1.0,-1.0,-1.0,-1.0,-1.0,-1.0,-1.0,-1.0,-1.0,-1.0,-1.0,-1.0,-1.0,-1.0,-1.0,-1.0,-1.0,-1.0,-1.0,-1.0,-1.0,-1.0,-1.0,-1.0,-1.0,-1.0,-1.0,-1.0,-1.0,-1.0,-1.0,-1.0,-1.0,-1.0,-1.0,-1.0,-1.0,-1.0,-1.0,3.5118969014751498,6.798272153100405,2.139771924057479
41,0.082,-0.10679059968155691,-0.6864580845138862,1.1542610487737992,3.5118969014751498,6.798272153100405,1.354971924057479,0.05367774381488562,0.2199,0.0018,1.0218,0.9911,-0.0267,-0.0991,0.0849,0.306,-0.123,0.2347,0.8196,-0.3255,-0.0588,-0.1607,0.2313,0.0429,0.2543,-0.1531,-0.0228,-0.289,0.2364,-0.1232,-0.1588,0.2498,-0.189,-0.0659,-0.1968,0.1146,-0.0794,0.1269,0.0428,-0.1439,-0.1613,0.15,1.0566,-0.2598,-0.3691,-3.6233,-8.2246,0.0852,3.5487,2.928,14.2671,24.9583,-9.5067,-1.2597,-4.1279,4.3576,2.3664,23.2072,-5.179,-2.4623,-1.0157,1.3301,-0.0192,-0.8657,5.5481,-6.9935,-1.201,-6.7938,3.7323,-3.0217,5.4712,2.2338,-6.4463,-5.3967,5.4953,-1.0,-1.0,-1.0,-1.0,-1.0,-1.0,-1.0,-1.0,-1.0,-1.0,-1.0,-1.0,-1.0,-1.0,-1.0,-1.0,-1.0,-1.0,-1.0,-1.0,-1.0,-1.0,-1.0,-1.0,-1.0,-1.0,-1.0,-1.0,-1.0,-1.0,-1.0,-1.0,-1.0,-1.0,-1.0,-1.0,-1.0,-1.0,-1.0,-1.0,-1.0,-1.0,-1.0,-1.0,-1.0,-1.0,-1.0,-1.0,-1.0,-1.0,-1.0,-1.0,-1.0,-1.0,-1.0,-1.0,-1.0,-1.0,-1.0,-1.0,-1.0,-1.0,-1.0,3.5118969014751498,6.798272153100405,2.139771924057479
42,0.084,-0.09976680587860659,-0.6728615402076854,1.1569513726219143,3.5118969014751498,6.798272153100405,1.3353519240574792,0.05367774381488562,0.2221,0.0013,1.0209,0.9901,-0.0297,-0.108,0.0842,0.313,-0.1152,0.2651,0.8685,-0.3442,-0.0614,-0.1689,0.2405,0.0474,0.3029,-0.1626,-0.0278,-0.2888,0.2386,-0.123,-0.1594,0.2603,-0.2036,-0.0683,-0.2108,0.1228,-0.0853,0.1378,0.0474,-0.1573,-0.1714,0.1611,1.1025,-0.2827,-0.4057,-3.7897,-8.5706,-0.5446,3.5045,3.9114,15.2208,24.464,-9.3529,-1.2943,-4.0799,4.6187,2.2527,24.302,-4.7869,-2.511,0.1296,1.1095,0.0771,-0.2985,5.2526,-7.3104,-1.233,-6.9967,4.104,-2.948,5.4616,2.2871,-6.6898,-5.0637,5.5692,-1.0,-1.0,-1.0,-1.0,-1.0,-1.0,-1.0,-1.0,-1.0,-1.0,-1.0,-1.0,-1.0,-1.0,-1.0,-1.0,-1.0,-1.0,-1.0,-1.0,-1.0,-1.0,-1.0,-1.0,-1.0,-1.0,-1.0,-1.0,-1.0,-1.0,-1.0,-1.0,-1.0,-1.0,-1.0,-1.0,-1.0,-1.0,-1.0,-1.0,-1.0,-1.0,-1.0,-1.0,-1.0,-1.0,-1.0,-1.0,-1.0,-1.0,-1.0,-1.0,-1.0,-1.0,-1.0,-1.0,-1.0,-1.0,-1.0,-1.0,-1.0,-1.0,-1.0,3.5118969014751498,6.798272153100405,2.139771924057479
43,0.086,-0.09274301207565627,-0.6592649959014846,1.1596024564700294,3.5118969014751498,6.798272153100405,1.315731924057479,0.05367774381488562,0.2244,0.0007,1.0201,0.9891,-0.0327,-0.1171,0.0828,0.3206,-0.1043,0.2973,0.9121,-0.3624,-0.064,-0.1767,0.2507,0.0515,0.3522,-0.1716,-0.0329,-0.2858,0.2405,-0.1227,-0.1591,0.2703,-0.2183,-0.0712,-0.2252,0.132,-0.0911,0.1487,0.0518,-0.1712,-0.1806,0.1724,1.156,-0.303,-0.4219,-3.924,-8.8778,-1.2837,3.807,5.4356,16.1125,21.7783,-9.0751,-1.3341,-3.9071,5.0771,2.0739,24.6603,-4.4741,-2.5513,1.4888,0.9563,0.1585,0.1782,4.996,-7.3187,-1.4138,-7.1938,4.6016,-2.9082,5.4551,2.1905,-6.9278,-4.5769,5.6439,-1.0,-1.0,-1.0,-1.0,-1.0,-1.0,-1.0,-1.0,-1.0,-1.0,-1.0,-1.0,-1.0,-1.0,-1.0,-1.0,-1.0,-1.0,-1.0,-1.0,-1.0,-1.0,-1.0,-1.0,-1.0,-1.0,-1.0,-1.0,-1.0,-1.0,-1.0,-1.0,-1.0,-1.0,-1.0,-1.0,-1.0,-1.0,-1.0,-1.0,-1.0,-1.0,-1.0,-1.0,-1.0,-1.0,-1.0,-1.0,-1.0,-1.0,-1.0,-1.0,-1.0,-1.0,-1.0,-1.0,-1.0,-1.0,-1.0,-1.0,-1.0,-1.0,-1.0,3.5118969014751498,6.798272153100405,2.139771924057479
44,0.088,-0.08571921827270601,-0.6456684515952837,1.1622143003181442,3.5118969014751498,6.798272153100405,1.296111924057479,0.05367774381488562,0.2268,0.0,1.0192,0.988,-0.0357,-0.1266,0.0807,0.329,-0.0909,0.3313,0.9509,-0.38,-0.0668,-0.1841,0.262,0.0553,0.4015,-0.18,-0.0381,-0.2803,0.2421,-0.1223,-0.1579,0.2799,-0.2333,-0.0743,-0.24,0.1423,-0.0968,0.1596,0.0558,-0.1855,-0.1888,0.1838,1.2056,-0.3243,-0.439,-4.0548,-9.1519,-1.9105,4.2242,6.6786,16.9984,19.3777,-8.8045,-1.3779,-3.7033,5.6459,1.9093,24.6517,-4.2128,-2.5847,2.7558,0.8241,0.1907,0.5952,4.7767,-7.5109,-1.5632,-7.385,5.1271,-2.858,5.4459,1.9947,-7.1608,-4.0994,5.7084,-1.0,-1.0,-1.0,-1.0,-1.0,-1.0,-1.0,-1.0,-1.0,-1.0,-1.0,-1.0,-1.0,-1.0,-1.0,-1.0,-1.0,-1.0,-1.0,-1.0,-1.0,-1.0,-1.0,-1.0,-1.0,-1.0,-1.0,-1.0,-1.0,-1.0,-1.0,-1.0,-1.0,-1.0,-1.0,-1.0,-1.0,-1.0,-1.0,-1.0,-1.0,-1.0,-1.0,-1.0,-1.0,-1.0,-1.0,-1.0,-1.0,-1.0,-1.0,-1.0,-1.0,-1.0,-1.0,-1.0,-1.0,-1.0,-1.0,-1.0,-1.0,-1.0,-1.0,3.5118969014751498,6.798272153100405,2.139771924057479
45,0.09,-0.07869542446975575,-0.632071907289083,1.164786904166259,3.5118969014751498,6.798272153100405,1.276491924057479,0.05367774381488562,0.2293,-0.0007,1.0183,0.9868,-0.0388,-0.1363,0.0781,0.3386,-0.0757,0.3671,0.9853,-0.3971,-0.0696,-0.1911,0.2747,0.0589,0.4499,-0.188,-0.0433,-0.2724,0.2436,-0.1219,-0.156,0.289,-0.2487,-0.0777,-0.2551,0.1536,-0.1024,0.1705,0.0592,-0.2003,-0.196,0.1953,1.2517,-0.347,-0.4562,-4.1836,-9.3919,-2.4134,4.7609,7.6131,17.9001,17.2129,-8.533,-1.4074,-3.4821,6.3447,1.7677,24.2073,-3.994,-2.5988,3.9205,0.7105,0.2011,0.9549,4.5893,-7.6818,-1.7002,-7.5706,5.6791,-2.8061,5.4376,1.7202,-7.3889,-3.6315,5.7571,-1.0,-1.0,-1.0,-1.0,-1.0,-1.0,-1.0,-1.0,-1.0,-1.0,-1.0,-1.0,-1.0,-1.0,-1.0,-1.0,-1.0,-1.0,-1.0,-1.0,-1.0,-1.0,-1.0,-1.0,-1.0,-1.0,-1.0,-1.0,-1.0,-1.0,-1.0,-1.0,-1.0,-1.0,-1.0,-1.0,-1.0,-1.0,-1.0,-1.0,-1.0,-1.0,-1.0,-1.0,-1.0,-1.0,-1.0,-1.0,-1.0,-1.0,-1.0,-1.0,-1.0,-1.0,-1.0,-1.0,-1.0,-1.0,-1.0,-1.0,-1.0,-1.0,-1.0,3.5118969014751498,6.798272153100405,2.139771924057479
46,0.092,-0.07167163066680543,-0.6184753629828822,1.167320268014374,3.5118969014751498,6.798272153100405,1.256871924057479,0.05367774381488562,0.2319,-0.0014,1.0174,0.9855,-0.0419,-0.1462,0.0751,0.3494,-0.0593,0.4048,1.0157,-0.4136,-0.0724,-0.1976,0.2891,0.0622,0.4965,-0.1956,-0.0484,-0.2625,0.2448,-0.1215,-0.1534,0.2979,-0.2639,-0.0814,-0.2706,0.1661,-0.1079,0.1811,0.062,-0.2155,-0.2024,0.2069,1.2946,-0.372,-0.4726,-4.3149,-9.595,-2.7788,5.4193,8.1987,18.8477,15.2313,-8.2535,-1.4051,-3.2378,7.1872,1.6755,23.2706,-3.8096,-2.5823,4.9767,0.6138,0.2002,1.27,4.4134,-7.6234,-1.8446,-7.7491,6.2646,-2.7257,5.3053,1.3833,-7.6127,-3.1728,5.7856,-1.0,-1.0,-1.0,-1.0,-1.0,-1.0,-1.0,-1.0,-1.0,-1.0,-1.0,-1.0,-1.0,-1.0,-1.0,-1.0,-1.0,-1.0,-1.0,-1.0,-1.0,-1.0,-1.0,-1.0,-1.0,-1.0,-1.0,-1.0,-1.0,-1.0,-1.0,-1.0,-1.0,-1.0,-1.0,-1.0,-1.0,-1.0,-1.0,-1.0,-1.0,-1.0,-1.0,-1.0,-1.0,-1.0,-1.0,-1.0,-1.0,-1.0,-1.0,-1.0,-1.0,-1.0,-1.0,-1.0,-1.0,-1.0,-1.0,-1.0,-1.0,-1.0,-1.0,3.5118969014751498,6.798272153100405,2.139771924057479
47,0.094,-0.06464783686385511,-0.6048788186766815,1.169814391862489,3.5118969014751498,6.798272153100405,1.237251924057479,0.05367774381488562,0.2345,-0.0022,1.0164,0.9841,-0.0451,-0.1562,0.0719,0.3617,-0.0424,0.4445,1.0425,-0.4295,-0.0752,-0.2035,0.3054,0.0655,0.5403,-0.203,-0.0535,-0.2506,0.2458,-0.1212,-0.1504,0.3065,-0.2786,-0.0854,-0.2864,0.1799,-0.1131,0.1912,0.064,-0.2311,-0.2078,0.2185,1.3348,-0.3984,-0.4871,-4.4483,-9.7693,-3.0173,6.1721,8.4535,19.8577,13.3733,-7.9666,-1.3726,-2.9819,8.1552,1.6326,21.9077,-3.6638,-2.5364,5.9364,0.5158,0.1871,1.5297,4.3124,-7.3531,-1.9958,-7.9067,6.8834,-2.6165,5.0552,0.9947,-7.8325,-2.7183,5.7968,-1.0,-1.0,-1.0,-1.0,-1.0,-1.0,-1.0,-1.0,-1.0,-1.0,-1.0,-1.0,-1.0,-1.0,-1.0,-1.0,-1.0,-1.0,-1.0,-1.0,-1.0,-1.0,-1.0,-1.0,-1.0,-1.0,-1.0,-1.0,-1.0,-1.0,-1.0,-1.0,-1.0,-1.0,-1.0,-1.0,-1.0,-1.0,-1.0,-1.0,-1.0,-1.0,-1.0,-1.0,-1.0,-1.0,-1.0,-1.0,-1.0,-1.0,-1.0,-1.0,-1.0,-1.0,-1.0,-1.0,-1.0,-1.0,-1.0,-1.0,-1.0,-1.0,-1.0,3.5118969014751498,6.798272153100405,2.139771924057479
48,0.096,-0.057624043060904795,-0.5912822743704806,1.172269275710604,3.5118969014751498,6.798272153100405,1.2176319240574789,0.05367774381488562,0.2373,-0.0031,1.0154,0.9825,-0.0484,-0.1665,0.0686,0.3756,-0.0256,0.4864,1.0657,-0.4448,-0.0778,-0.209,0.3238,0.0688,0.5807,-0.2101,-0.0584,-0.237,0.2466,-0.1208,-0.1468,0.3148,-0.2925,-0.0897,-0.3025,0.195,-0.1181,0.2006,0.0651,-0.2472,-0.2123,0.2301,1.3715,-0.4268,-0.5,-4.5851,-9.9149,-3.1145,6.9294,8.3903,20.9306,11.589,-7.6716,-1.3122,-2.7359,9.2244,1.648,20.1782,-3.5594,-2.4622,6.7954,0.3937,0.1703,1.7941,4.1385,-6.9549,-2.145,-8.0446,7.5384,-2.477,4.6927,0.5615,-8.0483,-2.2688,5.7932,-1.0,-1.0,-1.0,-1.0,-1.0,-1.0,-1.0,-1.0,-1.0,-1.0,-1.0,-1.0,-1.0,-1.0,-1.0,-1.0,-1.0,-1.0,-1.0,-1.0,-1.0,-1.0,-1.0,-1.0,-1.0,-1.0,-1.0,-1.0,-1.0,-1.0,-1.0,-1.0,-1.0,-1.0,-1.0,-1.0,-1.0,-1.0,-1.0,-1.0,-1.0,-1.0,-1.0,-1.0,-1.0,-1.0,-1.0,-1.0,-1.0,-1.0,-1.0,-1.0,-1.0,-1.0,-1.0,-1.0,-1.0,-1.0,-1.0,-1.0,-1.0,-1.0,-1.0,3.5118969014751498,6.798272153100405,2.139771924057479
49,0.098,-0.05060024925795453,-0.5776857300642798,1.174684919558719,3.5118969014751498,6.798272153100405,1.1980119240574791,0.05367774381488562,0.2401,-0.004,1.0144,0.9807,-0.0518,-0.1767,0.0654,0.39,-0.009,0.53,1.0843,-0.4595,-0.0802,-0.214,0.3445,0.0723,0.6168,-0.2171,-0.0627,-0.2222,0.2473,-0.1205,-0.143,0.3226,-0.3054,-0.0942,-0.3188,0.2114,-0.1228,0.2091,0.0653,-0.2638,-0.2162,0.2417,1.3995,-0.4521,-0.5056,-4.6896,-9.9876,-2.9719,7.2123,8.323,21.7821,9.3107,-7.3407,-1.2193,-2.4772,10.3362,1.752,18.0757,-3.4904,-2.1574,7.4391,0.3489,0.1591,1.9075,3.9058,-6.4528,-2.2832,-8.1638,8.222,-2.3385,4.2586,0.1152,-8.2602,-1.9109,5.7841,-1.0,-1.0,-1.0,-1.0,-1.0,-1.0,-1.0,-1.0,-1.0,-1.0,-1.0,-1.0,-1.0,-1.0,-1.0,-1.0,-1.0,-1.0,-1.0,-1.0,-1.0,-1.0,-1.0,-1.0,-1.0,-1.0,-1.0,-1.0,-1.0,-1.0,-1.0,-1.0,-1.0,-1.0,-1.0,-1.0,-1.0,-1.0,-1.0,-1.0,-1.0,-1.0,-1.0,-1.0,-1.0,-1.0,-1.0,-1.0,-1.0,-1.0,-1.0,-1.0,-1.0,-1.0,-1.0,-1.0,-1.0,-1.0,-1.0,-1.0,-1.0,-1.0,-1.0,3.5118969014751498,6.798272153100405,2.139771924057479
50,0.1,-0.043576455455004215,-0.564089185758079,1.177061323406834,3.5118969014751498,6.798272153100405,1.178391924057479,0.05367774381488562,0.2429,-0.0049,1.0134,0.9788,-0.0554,-0.187,0.0623,0.4048,0.0075,0.5749,1.0979,-0.4735,-0.0824,-0.2184,0.3673,0.076,0.6485,-0.224,-0.0663,-0.2061,0.2479,-0.1202,-0.1392,0.3298,-0.3173,-0.099,-0.3354,0.2293,-0.1271,0.2167,0.0647,-0.2807,-0.2193,0.2532,1.4227,-0.4717,-0.5061,-4.7601,-10.0277,-2.7648,7.3789,8.2339,22.4586,6.8179,-7.008,-1.1109,-2.2246,11.4225,1.8584,15.8278,-3.4684,-1.7888,8.0286,0.3087,0.1593,1.8756,3.6363,-5.9611,-2.4118,-8.2663,8.9165,-2.1817,3.8048,-0.3232,-8.4682,-1.5696,5.7703,-1.0,-1.0,-1.0,-1.0,-1.0,-1.0,-1.0,-1.0,-1.0,-1.0,-1.0,-1.0,-1.0,-1.0,-1.0,-1.0,-1.0,-1.0,-1.0,-1.0,-1.0,-1.0,-1.0,-1.0,-1.0,-1.0,-1.0,-1.0,-1.0,-1.0,-1.0,-1.0,-1.0,-1.0,-1.0,-1.0,-1.0,-1.0,-1.0,-1.0,-1.0,-1.0,-1.0,-1.0,-1.0,-1.0,-1.0,-1.0,-1.0,-1.0,-1.0,-1.0,-1.0,-1.0,-1.0,-1.0,-1.0,-1.0,-1.0,-1.0,-1.0,-1.0,-1.0,3.5118969014751498,6.798272153100405,2.139771924057479
51,0.102,-0.0365526616520539,-0.5504926414518782,1.1793984872549488,3.5118969014751498,6.798272153100405,1.158771924057479,0.05367774381488562,0.2458,-0.0059,1.0124,0.9768,-0.0589,-0.1972,0.0595,0.4196,0.0237,0.6207,1.1067,-0.4869,-0.0844,-0.2223,0.392,0.08,0.6757,-0.2309,-0.0692,-0.1889,0.2485,-0.1199,-0.1355,0.3366,-0.3283,-0.1041,-0.352,0.2485,-0.1311,0.2234,0.0632,-0.2979,-0.2218,0.2646,1.435,-0.4858,-0.5053,-4.7953,-10.0067,-2.5406,7.4157,8.0788,22.9098,4.3749,-6.6623,-0.9874,-1.9322,12.3409,1.984,13.6221,-3.4718,-1.4362,8.6092,0.2728,0.1529,1.8512,3.3647,-5.4711,-2.5362,-8.3305,9.612,-2.0042,3.3594,-0.7558,-8.6053,-1.2728,5.7255,-1.0,-1.0,-1.0,-1.0,-1.0,-1.0,-1.0,-1.0,-1.0,-1.0,-1.0,-1.0,-1.0,-1.0,-1.0,-1.0,-1.0,-1.0,-1.0,-1.0,-1.0,-1.0,-1.0,-1.0,-1.0,-1.0,-1.0,-1.0,-1.0,-1.0,-1.0,-1.0,-1.0,-1.0,-1.0,-1.0,-1.0,-1.0,-1.0,-1.0,-1.0,-1.0,-1.0,-1.0,-1.0,-1.0,-1.0,-1.0,-1.0,-1.0,-1.0,-1.0,-1.0,-1.0,-1.0,-1.0,-1.0,-1.0,-1.0,-1.0,-1.0,-1.0,-1.0,3.5118969014751498,6.798272153100405,2.139771924057479
52,0.104,-0.02952886784910358,-0.5368960971456773,1.181696411103064,3.5118969014751498,6.798272153100405,1.139151924057479,0.05367774381488562,0.2487,-0.0069,1.0113,0.9746,-0.0626,-0.2073,0.0569,0.4342,0.039,0.6669,1.1117,-0.4995,-0.0861,-0.2254,0.4179,0.0843,0.699,-0.2379,-0.0714,-0.1706,0.2489,-0.1196,-0.1315,0.3427,-0.3383,-0.1094,-0.3687,0.269,-0.1347,0.2293,0.061,-0.3151,-0.2239,0.2759,1.4273,-0.4957,-0.5108,-4.7977,-9.8815,-2.2942,7.2681,7.692,23.1071,2.491,-6.2985,-0.8469,-1.5766,12.9433,2.1738,11.6275,-3.4789,-1.0991,9.1585,0.2294,0.1371,2.011,3.0605,-4.9901,-2.6647,-8.3374,10.2723,-1.7982,2.9235,-1.1039,-8.5754,-1.0471,5.6279,-1.0,-1.0,-1.0,-1.0,-1.0,-1.0,-1.0,-1.0,-1.0,-1.0,-1.0,-1.0,-1.0,-1.0,-1.0,-1.0,-1.0,-1.0,-1.0,-1.0,-1.0,-1.0,-1.0,-1.0,-1.0,-1.0,-1.0,-1.0,-1.0,-1.0,-1.0,-1.0,-1.0,-1.0,-1.0,-1.0,-1.0,-1.0,-1.0,-1.0,-1.0,-1.0,-1.0,-1.0,-1.0,-1.0,-1.0,-1.0,-1.0,-1.0,-1.0,-1.0,-1.0,-1.0,-1.0,-1.0,-1.0,-1.0,-1.0,-1.0,-1.0,-1.0,-1.0,3.5118969014751498,6.798272153100405,2.139771924057479
53,0.106,-0.02250507404615326,-0.5232995528394765,1.1839550949511788,3.5118969014751498,6.798272153100405,1.119531924057479,0.05367774381488562,0.2514,-0.0079,1.0103,0.9724,-0.0664,-0.217,0.0549,0.4458,0.054,0.7124,1.1143,-0.5113,-0.0875,-0.2283,0.4444,0.0894,0.7184,-0.2449,-0.0729,-0.1519,0.2492,-0.1194,-0.1272,0.3481,-0.3473,-0.115,-0.3853,0.2909,-0.1378,0.2342,0.0582,-0.3318,-0.2257,0.2869,1.3895,-0.505,-0.5272,-4.7738,-9.6078,-1.6044,5.8305,7.4672,22.7345,1.3052,-5.9072,-0.7043,-1.4581,13.2609,2.5087,9.7428,-3.4877,-0.7748,9.3317,0.151,0.1257,2.1652,2.7087,-4.5185,-2.7997,-8.2939,10.9264,-1.5613,2.4909,-1.3668,-8.3879,-0.8845,5.4854,-1.0,-1.0,-1.0,-1.0,-1.0,-1.0,-1.0,-1.0,-1.0,-1.0,-1.0,-1.0,-1.0,-1.0,-1.0,-1.0,-1.0,-1.0,-1.0,-1.0,-1.0,-1.0,-1.0,-1.0,-1.0,-1.0,-1.0,-1.0,-1.0,-1.0,-1.0,-1.0,-1.0,-1.0,-1.0,-1.0,-1.0,-1.0,-1.0,-1.0,-1.0,-1.0,-1.0,-1.0,-1.0,-1.0,-1.0,-1.0,-1.0,-1.0,-1.0,-1.0,-1.0,-1.0,-1.0,-1.0,-1.0,-1.0,-1.0,-1.0,-1.0,-1.0,-1.0,3.5118969014751498,6.798272153100405,2.139771924057479
54,0.108,-0.015481280243203055,-0.5097030085332758,1.1861745387992937,3.5118969014751498,6.798272153100405,1.099911924057479,0.05367774381488562,0.2541,-0.0089,1.0092,0.97,-0.0702,-0.2263,0.0535,0.455,0.0681,0.7568,1.1156,-0.5223,-0.0886,-0.2311,0.471,0.0948,0.7346,-0.2519,-0.0739,-0.1328,0.2494,-0.1191,-0.1225,0.3528,-0.3554,-0.1209,-0.4017,0.3136,-0.1405,0.2384,0.0552,-0.3479,-0.2273,0.2975,1.3375,-0.5055,-0.548,-4.7125,-9.2648,-1.0374,4.6092,7.0564,22.1804,0.6585,-5.5019,-0.54,-1.3774,13.2895,2.7315,8.0812,-3.4996,-0.4649,9.5427,0.0844,0.1178,2.3196,2.35,-4.0565,-2.9393,-8.2064,11.3783,-1.3077,2.0993,-1.4862,-8.0535,-0.7721,5.3063,-1.0,-1.0,-1.0,-1.0,-1.0,-1.0,-1.0,-1.0,-1.0,-1.0,-1.0,-1.0,-1.0,-1.0,-1.0,-1.0,-1.0,-1.0,-1.0,-1.0,-1.0,-1.0,-1.0,-1.0,-1.0,-1.0,-1.0,-1.0,-1.0,-1.0,-1.0,-1.0,-1.0,-1.0,-1.0,-1.0,-1.0,-1.0,-1.0,-1.0,-1.0,-1.0,-1.0,-1.0,-1.0,-1.0,-1.0,-1.0,-1.0,-1.0,-1.0,-1.0,-1.0,-1.0,-1.0,-1.0,-1.0,-1.0,-1.0,-1.0,-1.0,-1.0,-1.0,3.5118969014751498,6.798272153100405,2.139771924057479
55,0.11,-0.008457486440252737,-0.49610646422707494,1.1883547426474086,3.5118969014751498,6.798272153100405,1.080291924057479,0.05367774381488562,0.2567,-0.0099,1.008,0.9677,-0.0741,-0.2352,0.053,0.4621,0.0799,0.8,1.1168,-0.5322,-0.0894,-0.2346,0.4969,0.1005,0.7485,-0.2585,-0.0746,-0.1164,0.2501,-0.1187,-0.1175,0.3571,-0.3626,-0.127,-0.4174,0.3356,-0.1423,0.242,0.0523,-0.363,-0.2285,0.3074,1.2698,-0.4959,-0.5733,-4.5626,-8.8569,-0.0783,3.5494,5.9295,21.6194,0.6077,-4.9482,-0.3876,-1.7322,12.957,2.8366,6.9666,-3.336,-0.3728,8.2092,0.3277,0.2183,2.5323,2.1272,-3.6089,-3.0542,-7.8682,10.9813,-0.8944,1.7772,-1.4563,-7.5286,-0.6083,4.9733,-1.0,-1.0,-1.0,-1.0,-1.0,-1.0,-1.0,-1.0,-1.0,-1.0,-1.0,-1.0,-1.0,-1.0,-1.0,-1.0,-1.0,-1.0,-1.0,-1.0,-1.0,-1.0,-1.0,-1.0,-1.0,-1.0,-1.0,-1.0,-1.0,-1.0,-1.0,-1.0,-1.0,-1.0,-1.0,-1.0,-1.0,-1.0,-1.0,-1.0,-1.0,-1.0,-1.0,-1.0,-1.0,-1.0,-1.0,-1.0,-1.0,-1.0,-1.0,-1.0,-1.0,-1.0,-1.0,-1.0,-1.0,-1.0,-1.0,-1.0,-1.0,-1.0,-1.0,3.5118969014751498,6.798272153100405,2.139771924057479
56,0.112,-0.0014336926373024195,-0.4825099199208741,1.1904957064955235,3.5118969014751498,6.798272153100405,1.060671924057479,0.05367774381488562,0.2591,-0.0109,1.0068,0.9653,-0.0781,-0.2435,0.0534,0.4674,0.0895,0.842,1.1178,-0.541,-0.0898,-0.2387,0.5221,0.1062,0.7602,-0.2649,-0.0752,-0.1026,0.2513,-0.118,-0.112,0.361,-0.369,-0.1334,-0.4325,0.3565,-0.1433,0.2449,0.0495,-0.377,-0.2294,0.3167,1.204,-0.4816,-0.5942,-4.3982,-8.4526,0.7754,2.6516,4.8017,21.0042,0.4936,-4.3902,-0.2214,-2.0779,12.6114,2.878,5.8198,-3.1787,-0.2819,6.8837,0.5999,0.3402,2.734,1.9465,-3.1707,-3.1653,-7.5447,10.4546,-0.5091,1.472,-1.4292,-7.0146,-0.478,4.6499,-1.0,-1.0,-1.0,-1.0,-1.0,-1.0,-1.0,-1.0,-1.0,-1.0,-1.0,-1.0,-1.0,-1.0,-1.0,-1.0,-1.0,-1.0,-1.0,-1.0,-1.0,-1.0,-1.0,-1.0,-1.0,-1.0,-1.0,-1.0,-1.0,-1.0,-1.0,-1.0,-1.0,-1.0,-1.0,-1.0,-1.0,-1.0,-1.0,-1.0,-1.0,-1.0,-1.0,-1.0,-1.0,-1.0,-1.0,-1.0,-1.0,-1.0,-1.0,-1.0,-1.0,-1.0,-1.0,-1.0,-1.0,-1.0,-1.0,-1.0,-1.0,-1.0,-1.0,3.5118969014751498,6.798272153100405,2.139771924057479
57,0.114,0.005590101165647898,-0.4689133756146733,1.1925974303436386,3.5118969014751498,6.798272153100405,1.041051924057479,0.05367774381488562,0.2613,-0.0118,1.0056,0.9629,-0.0822,-0.2514,0.0545,0.4711,0.097,0.8828,1.1182,-0.5486,-0.0899,-0.2437,0.5467,0.1119,0.7696,-0.2709,-0.0756,-0.0915,0.253,-0.1171,-0.1061,0.3646,-0.3745,-0.1399,-0.447,0.3764,-0.1436,0.2473,0.0466,-0.3901,-0.2302,0.3254,1.1438,-0.4644,-0.6098,-4.232,-8.0655,1.5705,1.8561,3.7048,20.3946,0.1934,-3.8364,-0.0511,-2.5158,12.2654,2.8109,4.7004,-2.9986,-0.1981,5.5802,0.8655,0.4295,2.9608,1.8418,-2.7411,-3.2468,-7.2516,9.9314,-0.1451,1.1609,-1.4548,-6.511,-0.378,4.3514,-1.0,-1.0,-1.0,-1.0,-1.0,-1.0,-1.0,-1.0,-1.0,-1.0,-1.0,-1.0,-1.0,-1.0,-1.0,-1.0,-1.0,-1.0,-1.0,-1.0,-1.0,-1.0,-1.0,-1.0,-1.0,-1.0,-1.0,-1.0,-1.0,-1.0,-1.0,-1.0,-1.0,-1.0,-1.0,-1.0,-1.0,-1.0,-1.0,-1.0,-1.0,-1.0,-1.0,-1.0,-1.0,-1.0,-1.0,-1.0,-1.0,-1.0,-1.0,-1.0,-1.0,-1.0,-1.0,-1.0,-1.0,-1.0,-1.0,-1.0,-1.0,-1.0,-1.0,3.5118969014751498,6.798272153100405,2.139771924057479
58,0.116,0.012613894968598216,-0.45531683130847245,1.1946599141917535,3.5118969014751498,6.798272153100405,1.021431924057479,0.05367774381488562,0.2635,-0.0127,1.0044,0.9604,-0.0862,-0.2588,0.0563,0.4736,0.1022,0.9225,1.1173,-0.5552,-0.0897,-0.25,0.5706,0.117,0.7769,-0.2764,-0.0758,-0.0829,0.2553,-0.1161,-0.0997,0.3683,-0.3791,-0.1464,-0.461,0.3952,-0.1432,0.249,0.0435,-0.4021,-0.2308,0.3336,1.0927,-0.4458,-0.619,-4.0726,-7.715,2.3031,1.225,2.6175,19.8722,-0.4154,-3.2967,0.1166,-3.1086,11.9412,2.5737,3.6379,-2.7741,-0.1274,4.2956,1.1371,0.5116,3.1966,1.8163,-2.3203,-3.2792,-7.0028,9.4123,0.1999,0.8459,-1.5366,-6.0175,-0.3054,4.0917,-1.0,-1.0,-1.0,-1.0,-1.0,-1.0,-1.0,-1.0,-1.0,-1.0,-1.0,-1.0,-1.0,-1.0,-1.0,-1.0,-1.0,-1.0,-1.0,-1.0,-1.0,-1.0,-1.0,-1.0,-1.0,-1.0,-1.0,-1.0,-1.0,-1.0,-1.0,-1.0,-1.0,-1.0,-1.0,-1.0,-1.0,-1.0,-1.0,-1.0,-1.0,-1.0,-1.0,-1.0,-1.0,-1.0,-1.0,-1.0,-1.0,-1.0,-1.0,-1.0,-1.0,6.88476891059276,-1.0,-1.0,-1.0,-1.0,-1.0,7.105617649571751,-1.0,-1.0,-1.0,3.5118969014751498,6.798272153100405,2.139771924057479
59,0.118,0.019637688771548478,-0.4417202870022716,1.1966831580398685,3.5118969014751498,6.798272153100405,1.001811924057479,0.05367774381488562,0.2656,-0.0135,1.0031,0.958,-0.0903,-0.2659,0.0588,0.475,0.1053,0.9613,1.1148,-0.5608,-0.0891,-0.2576,0.5938,0.1214,0.782,-0.2815,-0.076,-0.0768,0.2581,-0.1149,-0.0928,0.372,-0.3829,-0.153,-0.4746,0.413,-0.1421,0.25,0.0402,-0.4134,-0.2313,0.3413,1.0486,-0.426,-0.6226,-3.9156,-7.3925,2.9927,0.6842,1.5361,19.3925,-1.252,-2.7728,0.2813,-3.8156,11.6426,2.1914,2.596,-2.5083,-0.0684,3.0126,1.4216,0.6043,3.4269,1.8498,-1.9081,-3.2668,-6.7922,8.8916,0.5282,0.5252,-1.6418,-5.6476,-0.2563,3.8655,-1.0,-1.0,-1.0,-1.0,-1.0,-1.0,-1.0,-1.0,-1.0,-1.0,-1.0,-1.0,-1.0,-1.0,-1.0,-1.0,-1.0,-1.0,-1.0,-1.0,-1.0,-1.0,-1.0,-1.0,-1.0,-1.0,-1.0,-1.0,-1.0,-1.0,-1.0,-1.0,-1.0,-1.0,-1.0,-1.0,-1.0,-1.0,-1.0,-1.0,-1.0,-1.0,-1.0,-1.0,-1.0,-1.0,-1.0,-1.0,-1.0,6.990240419695171,7.039263237324891,-1.0,-1.0,7.6280675416146,7.238553784971514,-1.0,6.867710092179997,-1.0,-1.0,7.847132231764639,-1.0,-1.0,-1.0,3.5118969014751498,6.798272153100405,2.139771924057479
60,0.12,0.026661482574498796,-0.4281237426960708,1.1986671618879834,3.5118969014751498,6.798272153100405,0.982191924057479,0.05367774381488562,0.2676,-0.0143,1.0019,0.9555,-0.0945,-0.2726,0.0619,0.4753,0.1062,0.9991,1.1103,-0.5653,-0.0882,-0.2668,0.6166,0.1248,0.7852,-0.2859,-0.076,-0.0734,0.2616,-0.1135,-0.0855,0.3758,-0.3859,-0.1594,-0.4878,0.4297,-0.1404,0.2504,0.0367,-0.4242,-0.2318,0.3487,1.0094,-0.4048,-0.6218,-3.7575,-7.09,3.6511,0.1789,0.464,18.9156,-2.2488,-2.2656,0.4428,-4.591,11.3664,1.6953,1.5538,-2.205,-0.0199,1.7231,1.7238,0.7043,3.6523,1.9015,-1.504,-3.2131,-6.6143,8.3658,0.8411,0.1976,-1.7441,-5.4142,-0.226,3.6681,-1.0,-1.0,-1.0,-1.0,-1.0,-1.0,-1.0,-1.0,-1.0,-1.0,-1.0,-1.0,-1.0,-1.0,-1.0,-1.0,-1.0,-1.0,-1.0,-1.0,-1.0,-1.0,-1.0,-1.0,-1.0,-1.0,-1.0,-1.0,-1.0,-1.0,-1.0,-1.0,-1.0,-1.0,-1.0,-1.0,-1.0,-1.0,-1.0,-1.0,-1.0,-1.0,-1.0,-1.0,-1.0,-1.0,-1.0,-1.0,-1.0,7.7424775605201805,7.898330774779431,7.030053808267243,-1.0,8.494246035543258,7.847982061090942,-1.0,7.588378795182599,-1.0,-1.0,8.690310367783749,-1.0,-1.0,-1.0,3.5118969014751498,6.798272153100405,2.139771924057479
61,0.122,0.03368527637744906,-0.41452719838987007,1.2006119257360985,3.5118969014751498,6.798272153100405,0.962571924057479,0.05367774381488562,0.2696,-0.0151,1.0006,0.953,-0.0987,-0.2788,0.0658,0.4738,0.1048,1.0359,1.1054,-0.5689,-0.0871,-0.2769,0.6386,0.1277,0.7865,-0.2899,-0.0759,-0.0728,0.2657,-0.1117,-0.0779,0.3796,-0.3881,-0.1655,-0.5006,0.4452,-0.1381,0.2501,0.0338,-0.435,-0.232,0.3557,0.9589,-0.3879,-0.6327,-3.6121,-6.7504,4.3954,-0.7375,-0.7151,18.3853,-2.4801,-1.8045,0.5622,-5.0527,10.997,1.4761,0.6705,-2.0218,0.0789,0.3094,2.0561,0.9186,3.7914,1.911,-1.1085,-3.0639,-6.3768,7.7405,1.1816,-0.1553,-1.4395,-5.3757,-0.1234,3.4963,-1.0,-1.0,-1.0,-1.0,-1.0,-1.0,-1.0,-1.0,-1.0,-1.0,-1.0,-1.0,-1.0,-1.0,-1.0,-1.0,-1.0,-1.0,-1.0,-1.0,-1.0,-1.0,-1.0,-1.0,-1.0,-1.0,-1.0,-1.0,-1.0,-1.0,-1.0,-1.0,-1.0,-1.0,-1.0,-1.0,-1.0,-1.0,-1.0,-1.0,-1.0,-1.0,-1.0,-1.0,-1.0,-1.0,7.140939464427043,-1.0,-1.0,8.640060734672597,8.971688469823844,7.680961594536985,-1.0,9.498284570935667,8.463470890637465,-1.0,8.415435992572036,6.9152846227874685,-1.0,9.618980586073723,-1.0,-1.0,-1.0,3.5118969014751498,6.798272153100405,2.139771924057479
62,0.124,0.040709070180399376,-0.40093065408366924,1.2025174495842135,3.5118969014751498,6.798272153100405,0.9429519240574791,0.05367774381488562,0.2714,-0.0159,0.9994,0.9505,-0.103,-0.2846,0.0703,0.4707,0.1008,1.0717,1.1001,-0.5716,-0.0857,-0.288,0.6598,0.1301,0.7862,-0.2936,-0.0755,-0.075,0.2705,-0.1094,-0.0701,0.3835,-0.3896,-0.1713,-0.5129,0.4594,-0.1351,0.2491,0.0316,-0.4457,-0.2321,0.3624,0.9122,-0.3698,-0.6431,-3.4728,-6.4276,5.0894,-1.5963,-1.9735,17.9109,-2.6623,-1.3595,0.6814,-5.5566,10.6295,1.1748,-0.1639,-1.8251,0.1767,-1.085,2.4037,1.1113,3.9421,1.9342,-0.7207,-2.9024,-6.1582,7.1107,1.4973,-0.5082,-1.1433,-5.3761,-0.0359,3.345,-1.0,-1.0,-1.0,-1.0,-1.0,-1.0,-1.0,-1.0,-1.0,-1.0,-1.0,-1.0,-1.0,-1.0,-1.0,-1.0,-1.0,-1.0,-1.0,-1.0,-1.0,-1.0,-1.0,-1.0,-1.0,-1.0,-1.0,-1.0,-1.0,-1.0,-1.0,-1.0,-1.0,-1.0,-1.0,-1.0,-1.0,-1.0,-1.0,-1.0,-1.0,-1.0,-1.0,-1.0,-1.0,-1.0,7.871197879944833,-1.0,7.237200554554445,9.70124627805823,10.337886559775741,8.388510586376468,-1.0,10.637889177168582,9.05684879458712,-1.0,9.364904120520654,7.359258740366001,-1.0,10.611537140654221,-1.0,-1.0,-1.0,3.5118969014751498,6.798272153100405,2.139771924057479
63,0.126,0.047732863983349694,-0.3873341097774684,1.2043837334323284,3.5118969014751498,6.798272153100405,0.9233319240574791,0.05367774381488562,0.2731,-0.0166,0.998,0.948,-0.1074,-0.2901,0.0754,0.4659,0.0941,1.1068,1.0946,-0.5735,-0.0842,-0.2999,0.6803,0.1319,0.7843,-0.2968,-0.075,-0.0798,0.276,-0.1069,-0.0618,0.3874,-0.3903,-0.1768,-0.5249,0.4724,-0.1315,0.2473,0.0298,-0.4565,-0.232,0.3687,0.8678,-0.3528,-0.656,-3.3528,-6.1135,5.7218,-2.4018,-3.3719,17.5281,-2.7121,-0.9517,0.7934,-5.9735,10.2529,0.9216,-0.9415,-1.6226,0.2699,-2.4214,2.7533,1.2684,4.1128,1.9641,-0.3405,-2.723,-5.99,6.4854,1.7904,-0.8604,-0.8542,-5.4152,0.0393,3.1712,-1.0,-1.0,-1.0,-1.0,-1.0,-1.0,-1.0,-1.0,-1.0,-1.0,-1.0,-1.0,-1.0,-1.0,-1.0,-1.0,-1.0,-1.0,-1.0,-1.0,-1.0,-1.0,-1.0,-1.0,-1.0,-1.0,-1.0,-1.0,-1.0,-1.0,-1.0,-1.0,-1.0,-1.0,-1.0,-1.0,-1.0,-1.0,-1.0,-1.0,-1.0,-1.0,-1.0,-1.0,-1.0,-1.0,8.730889260061947,-1.0,8.074032153321173,10.944161372648342,12.100367083911374,9.126714075641175,-1.0,11.860805076849152,9.552790082171024,6.680885878868426,10.406963180793813,7.7630457140199,-1.0,11.570731205644146,-1.0,-1.0,6.723537651306481,3.5118969014751498,6.798272153100405,2.139771924057479
64,0.128,0.054756657786299956,-0.3737375654712677,1.2062107772804433,3.5118969014751498,6.798272153100405,0.9037119240574789,0.05367774381488562,0.2748,-0.0172,0.9967,0.9454,-0.1119,-0.2952,0.081,0.4596,0.0842,1.1413,1.0895,-0.5747,-0.0824,-0.3126,0.7,0.1333,0.781,-0.2997,-0.0743,-0.087,0.2821,-0.1042,-0.0532,0.3914,-0.3902,-0.1818,-0.5367,0.4842,-0.1274,0.2449,0.0287,-0.4675,-0.2318,0.3746,0.8251,-0.3365,-0.6726,-3.2553,-5.8119,6.2498,-3.1197,-4.9354,17.2582,-2.5854,-0.6004,0.8933,-6.3076,9.8566,0.6864,-1.6229,-1.4229,0.3479,-3.595,3.0442,1.362,4.3179,2.0243,0.0327,-2.5196,-5.8979,5.8959,2.0648,-1.2151,-0.5703,-5.4983,0.1039,2.9349,-1.0,-1.0,-1.0,-1.0,-1.0,-1.0,-1.0,-1.0,-1.0,-1.0,-1.0,-1.0,-1.0,-1.0,-1.0,-1.0,-1.0,-1.0,-1.0,-1.0,-1.0,-1.0,-1.0,-1.0,-1.0,-1.0,-1.0,-1.0,-1.0,-1.0,-1.0,-1.0,-1.0,-1.0,-1.0,-1.0,-1.0,-1.0,-1.0,-1.0,7.138093780874517,-1.0,-1.0,-1.0,-1.0,-1.0,9.726307987076774,-1.0,9.075387962327587,12.366251185130555,14.410922603919099,9.866790772738312,-1.0,13.103179851834662,9.918214378515666,7.176904784964101,11.514351925282826,8.10994769383149,7.246661137313277,12.416819089113556,-1.0,-1.0,7.080548576443442,3.5118969014751498,6.798272153100405,2.139771924057479
65,0.13,0.061780451589250274,-0.36014102116506685,1.2079985811285583,3.5118969014751498,6.798272153100405,0.8840919240574789,0.05367774381488562,0.2763,-0.0179,0.9953,0.9428,-0.1164,-0.2999,0.087,0.4521,0.0709,1.1755,1.0848,-0.5753,-0.0804,-0.3257,0.719,0.1342,0.7765,-0.3021,-0.0735,-0.0962,0.2886,-0.1014,-0.0441,0.3957,-0.3897,-0.1864,-0.5484,0.4949,-0.1227,0.2418,0.0281,-0.4788,-0.2315,0.3799,0.786,-0.3209,-0.6925,-3.1798,-5.5392,6.6839,-3.767,-6.6476,17.1134,-2.3164,-0.3031,0.9866,-6.5676,9.5011,0.4623,-2.268,-1.2276,0.4069,-4.6069,3.2462,1.4088,4.5451,2.1321,0.2708,-2.295,-5.8709,5.3463,2.3238,-1.5711,-0.2906,-5.6191,0.1609,2.6405,-1.0,-1.0,-1.0,-1.0,-1.0,-1.0,-1.0,-1.0,-1.0,-1.0,-1.0,-1.0,-1.0,-1.0,-1.0,-1.0,-1.0,-1.0,-1.0,-1.0,-1.0,-1.0,-1.0,-1.0,-1.0,-1.0,-1.0,-1.0,-1.0,-1.0,-1.0,-1.0,-1.0,-1.0,-1.0,-1.0,-1.0,-1.0,-1.0,-1.0,7.995711447758776,-1.0,-1.0,-1.0,-1.0,-1.0,10.897210150480468,-1.0,10.299726735822437,13.965192890739925,17.542890092953183,10.569752066398978,-1.0,14.242865615681973,10.101452075072114,7.689398766818836,12.618306663831893,8.368921759352709,7.89610250678699,13.022939154223929,7.086260316532507,-1.0,7.400917195383198,3.5118969014751498,6.798272153100405,2.139771924057479
66,0.132,0.06880424539220059,-0.346544476858866,1.209747144976673,3.5118969014751498,6.798272153100405,0.864471924057479,0.05367774381488562,0.2779,-0.0185,0.9939,0.9402,-0.121,-0.3043,0.0933,0.4433,0.0539,1.2097,1.081,-0.5755,-0.0782,-0.3392,0.7375,0.1347,0.7706,-0.3042,-0.0726,-0.1072,0.2954,-0.0987,-0.0344,0.4002,-0.389,-0.1905,-0.5602,0.5045,-0.1176,0.2379,0.0281,-0.4903,-0.231,0.3844,0.7533,-0.3044,-0.7154,-3.1275,-5.3079,7.0454,-4.3728,-8.4932,17.103,-1.9337,-0.0596,1.0756,-6.7718,9.2399,0.2406,-2.9315,-1.0381,0.445,-5.5088,3.4219,1.3407,4.8428,2.2599,0.3267,-2.0548,-5.9014,4.8211,2.562,-1.9243,-0.0151,-5.7729,0.2087,2.2895,-1.0,-1.0,-1.0,-1.0,-1.0,-1.0,-1.0,-1.0,-1.0,-1.0,-1.0,-1.0,-1.0,-1.0,-1.0,-1.0,-1.0,-1.0,-1.0,-1.0,-1.0,-1.0,-1.0,-1.0,-1.0,-1.0,-1.0,-1.0,-1.0,-1.0,-1.0,-1.0,-1.0,-1.0,-1.0,-1.0,-1.0,-1.0,-1.0,-1.0,9.056386920135814,-1.0,-1.0,7.283869964781785,-1.0,7.0019708002107635,12.221169089199167,-1.0,11.772310816046456,15.612485388050915,21.725785585679265,11.160615808506217,7.138648759790835,15.085306956125867,10.08284986436308,8.188417866876007,13.577832078806747,8.514153752075492,8.588108590468027,13.277475254848909,7.660602527450715,-1.0,7.659006653893874,3.5118969014751498,6.798272153100405,2.139771924057479
67,0.134,0.07582803919515091,-0.3329479325526652,1.2114564688247882,3.5118969014751498,6.798272153100405,0.844851924057479,0.05367774381488562,0.2793,-0.0191,0.9924,0.9376,-0.1256,-0.3085,0.0998,0.4334,0.033,1.2441,1.0786,-0.5751,-0.0759,-0.353,0.7556,0.1347,0.7635,-0.306,-0.0717,-0.1195,0.3024,-0.0962,-0.0241,0.4051,-0.3886,-0.1941,-0.5722,0.5132,-0.1121,0.2334,0.0286,-0.5022,-0.2304,0.3882,0.7221,-0.2857,-0.7438,-3.086,-5.1,7.2802,-4.9802,-10.4549,17.1568,-1.1687,0.167,1.165,-6.8921,9.0242,-0.0003,-3.5707,-0.9057,0.4228,-6.1605,3.485,1.2319,5.1475,2.4328,0.2039,-1.7843,-5.9922,4.358,2.7459,-2.253,0.2489,-5.9411,0.3138,1.8733,-1.0,-1.0,-1.0,-1.0,-1.0,-1.0,-1.0,-1.0,-1.0,-1.0,-1.0,-1.0,-1.0,-1.0,-1.0,-1.0,-1.0,-1.0,-1.0,-1.0,-1.0,-1.0,-1.0,-1.0,-1.0,-1.0,-1.0,-1.0,-1.0,-1.0,-1.0,-1.0,-1.0,-1.0,-1.0,-1.0,-1.0,-1.0,-1.0,-1.0,10.416883596433124,-1.0,-1.0,8.093559596837697,-1.0,7.391392821319629,13.673266071536649,6.865471418769761,13.54770617499238,17.101665974535297,27.163117543651236,11.564433034199418,7.6524919807373974,15.446561706105234,9.865180074847672,8.651837721937627,14.243098972405166,8.53189763366494,9.311983300361208,13.127722256205383,8.26669475373324,-1.0,7.837537713420217,3.5118969014751498,6.798272153100405,2.139771924057479
68,0.136,0.08285183299810123,-0.31935138824646436,1.2131265526729031,3.5118969014751498,6.798272153100405,0.825231924057479,0.05367774381488562,0.2807,-0.0196,0.9908,0.9349,-0.1303,-0.3125,0.1065,0.4221,0.008,1.2787,1.0777,-0.5744,-0.0734,-0.367,0.7733,0.1342,0.7551,-0.3076,-0.0709,-0.1332,0.3094,-0.094,-0.0132,0.4104,-0.3887,-0.1971,-0.5845,0.521,-0.1062,0.2283,0.0296,-0.5145,-0.2296,0.3911,0.6952,-0.268,-0.7738,-3.0587,-4.9209,7.4819,-5.6149,-12.499,17.3215,-0.442,0.3675,1.2518,-6.9832,8.8546,-0.2313,-4.1849,-0.8025,0.3949,-6.8125,3.5148,1.1327,5.4429,2.6374,-0.07,-1.5082,-6.1285,3.8799,2.9209,-2.5793,0.509,-6.1422,0.4119,1.4676,-1.0,-1.0,-1.0,-1.0,-1.0,-1.0,-1.0,-1.0,-1.0,-1.0,-1.0,-1.0,-1.0,-1.0,-1.0,-1.0,-1.0,-1.0,-1.0,-1.0,-1.0,-1.0,-1.0,-1.0,-1.0,-1.0,-1.0,-1.0,-1.0,-1.0,-1.0,-1.0,-1.0,-1.0,-1.0,-1.0,-1.0,-1.0,-1.0,-1.0,12.181578479671995,-1.0,6.8754854337430755,9.063688199874077,7.230194744634401,7.751879205803625,15.131281032219716,7.496966611660397,15.590566657524247,18.100871695212994,33.23749350542909,11.713637224601262,8.169454317440469,15.229436603399071,9.482555459536444,9.032923477890417,14.457005163745213,8.418789687169886,10.01608779523281,12.608345656471943,8.871536115296008,-1.0,7.915587895984569,3.5118969014751498,6.798272153100405,2.139771924057479
69,0.138,0.08987562680105149,-0.30575484394026353,1.214757396521018,3.5118969014751498,6.798272153100405,0.8056119240574788,0.05367774381488562,0.282,-0.0201,0.9892,0.9322,-0.135,-0.3163,0.1133,0.4096,-0.0211,1.3138,1.0782,-0.5733,-0.0708,-0.3811,0.7906,0.1333,0.7458,-0.309,-0.0702,-0.1479,0.3164,-0.0919,-0.0018,0.4161,-0.3896,-0.1995,-0.5971,0.5278,-0.1001,0.2225,0.0311,-0.5271,-0.2286,0.3933,0.6697,-0.2498,-0.8052,-3.0374,-4.7549,7.601,-6.2542,-14.5698,17.5439,0.2197,0.5419,1.3304,-7.0368,8.6509,-0.4838,-4.6461,-0.7247,0.3672,-7.3672,3.4775,1.0343,5.7313,2.885,-0.419,-1.224,-6.2959,3.4112,3.0723,-2.8949,0.7646,-6.3062,0.4929,1.0718,-1.0,-1.0,-1.0,-1.0,-1.0,-1.0,-1.0,-1.0,-1.0,-1.0,-1.0,-1.0,-1.0,-1.0,-1.0,-1.0,-1.0,-1.0,-1.0,-1.0,-1.0,-1.0,-1.0,-1.0,-1.0,-1.0,-1.0,-1.0,-1.0,-1.0,-1.0,-1.0,-1.0,-1.0,-1.0,-1.0,-1.0,-1.0,-1.0,-1.0,14.541453527058605,-1.0,7.497509049439636,10.234624821909561,7.975299470832217,8.067950751274262,16.41064090235602,8.214347195952868,17.851409282614565,18.377477421199288,38.15854014450441,11.611485589514615,8.679731524043673,14.544655743158248,9.002110193320098,9.309028856805403,14.217332444379183,8.203340476110265,10.664379841306783,11.857343482896148,9.458623415005844,-1.0,7.898888752465195,3.5118969014751498,6.798272153100405,2.139771924057479
70,0.14,0.0968994206040018,-0.2921582996340627,1.216349000369133,3.5118969014751498,6.798272153100405,0.7859919240574789,0.05367774381488562,0.2833,-0.0205,0.9876,0.9294,-0.1397,-0.3198,0.12,0.3959,-0.0544,1.3494,1.0798,-0.5719,-0.068,-0.3951,0.8073,0.1317,0.7361,-0.3104,-0.0695,-0.1634,0.3231,-0.09,0.0103,0.4225,-0.3911,-0.2014,-0.61,0.5338,-0.0937,0.2161,0.0332,-0.5398,-0.2275,0.3946,0.6438,-0.2296,-0.8375,-3.0143,-4.5922,7.5875,-6.8616,-16.6117,17.7842,0.801,0.6891,1.3973,-7.0431,8.3576,-0.7903,-4.8558,-0.6714,0.345,-7.7269,3.3641,0.9253,6.0162,3.1719,-0.7708,-0.9311,-6.4767,2.9771,3.1839,-3.1899,1.0165,-6.3639,0.5474,0.6856,-1.0,-1.0,-1.0,-1.0,-1.0,-1.0,-1.0,-1.0,-1.0,-1.0,-1.0,-1.0,-1.0,-1.0,-1.0,-1.0,-1.0,-1.0,-1.0,-1.0,-1.0,-1.0,-1.0,-1.0,-1.0,-1.0,-1.0,-1.0,-1.0,-1.0,-1.0,-1.0,-1.0,-1.0,-1.0,-1.0,-1.0,-1.0,-1.0,-1.0,17.728179485928113,-1.0,8.187118779838052,11.627732216226292,8.83405134124593,8.309420984288606,17.231057254238422,9.009218365390478,20.033608803418655,17.828666217143947,38.95585298144637,11.270084073985556,9.14561439813197,13.539354950075952,8.47044866155475,9.446149649060118,13.579299788655922,7.9074250090022655,11.181523003006717,10.987611310228425,9.97731144253983,-1.0,7.788904685132616,3.5118969014751498,6.798272153100405,2.139771924057479
71,0.142,0.10392321440695212,-0.27856175532786187,1.217901364217248,3.5118969014751498,6.798272153100405,0.7663719240574789,0.05367774381488562,0.2846,-0.021,0.9858,0.9266,-0.1443,-0.3233,0.1266,0.381,-0.0916,1.3855,1.0824,-0.5703,-0.065,-0.4091,0.8233,0.1295,0.7264,-0.3117,-0.0688,-0.1792,0.3296,-0.0884,0.0228,0.4294,-0.3934,-0.2027,-0.6234,0.5389,-0.0872,0.2092,0.0357,-0.5525,-0.2264,0.3953,0.6187,-0.2078,-0.8704,-2.9904,-4.4348,7.4572,-7.4541,-18.6211,18.0647,1.3115,0.8106,1.4595,-6.9647,8.0015,-1.1017,-4.8621,-0.6507,0.3279,-7.9349,3.2381,0.8079,6.2952,3.4635,-1.1242,-0.6335,-6.6691,2.5633,3.2559,-3.4629,1.2651,-6.3217,0.5796,0.309,-1.0,-1.0,-1.0,-1.0,-1.0,-1.0,-1.0,-1.0,-1.0,-1.0,-1.0,-1.0,-1.0,-1.0,-1.0,-1.0,-1.0,-1.0,-1.0,-1.0,-1.0,-1.0,-1.0,-1.0,-1.0,-1.0,-1.0,-1.0,-1.0,-1.0,-1.0,-1.0,-1.0,-1.0,-1.0,-1.0,-1.0,-1.0,-1.0,-1.0,22.258916539829745,-1.0,8.967383081241051,13.325751053647231,9.852584675367044,8.476355144121017,17.466662185299903,9.904743420911194,21.71692992329175,16.677874823883403,35.210171825979465,10.757701287022758,9.555787216764548,12.387133489294486,7.912888658184146,9.414369011238206,12.649748913270045,7.545323610899795,11.487071818271524,10.075270658685763,10.374312846771158,-1.0,7.586366134255068,3.5118969014751498,6.798272153100405,2.139771924057479
72,0.144,0.11094700820990244,-0.26496521102166104,1.219414488065363,3.5118969014751498,6.798272153100405,0.7467519240574789,0.05367774381488562,0.2857,-0.0213,0.984,0.9239,-0.1488,-0.3266,0.133,0.3649,-0.1328,1.4223,1.0859,-0.5685,-0.062,-0.4226,0.8385,0.1268,0.717,-0.313,-0.0682,-0.1952,0.3358,-0.087,0.036,0.4369,-0.3963,-0.2033,-0.6371,0.5432,-0.0806,0.2017,0.0387,-0.5648,-0.2252,0.3951,0.5945,-0.1851,-0.9045,-2.967,-4.2838,7.2257,-8.0561,-20.5933,18.4093,1.7695,0.9074,1.5242,-6.746,7.6079,-1.3486,-4.7139,-0.6732,0.3153,-8.012,3.1004,0.6874,6.5669,3.7573,-1.4739,-0.3332,-6.8608,2.1652,3.2905,-3.7137,1.5105,-6.1854,0.5925,-0.0584,-1.0,-1.0,-1.0,-1.0,-1.0,-1.0,-1.0,-1.0,-1.0,-1.0,-1.0,-1.0,-1.0,-1.0,-1.0,-1.0,-1.0,-1.0,-1.0,-1.0,-1.0,-1.0,-1.0,-1.0,-1.0,-1.0,-1.0,-1.0,-1.0,-1.0,-1.0,-1.0,-1.0,-1.0,-1.0,-1.0,-1.0,-1.0,-1.0,-1.0,28.386269846206964,6.715984552723277,9.788758510443108,15.244539683553054,10.998411418799728,8.525841443914459,16.933075393420058,10.841812446989179,22.3474295182611,15.140609573644904,29.23661664023024,10.122314394211276,9.848263787593556,11.226510216136987,7.374362715099115,9.24310952188346,11.61721309780039,7.159503182283757,11.55950276809438,9.208405771211295,10.616154355350222,-1.0,7.326382542959453,3.5118969014751498,6.798272153100405,2.139771924057479
73,0.146,0.11797080201285276,-0.2513686667154602,1.2208883719134778,3.5118969014751498,6.798272153100405,0.7271319240574787,0.05367774381488562,0.2869,-0.0217,0.9821,0.9211,-0.1533,-0.3297,0.139,0.3475,-0.1778,1.46,1.0903,-0.5665,-0.0588,-0.4354,0.8529,0.1237,0.7081,-0.3145,-0.0676,-0.2112,0.3417,-0.0859,0.0496,0.445,-0.3999,-0.2034,-0.6512,0.5468,-0.0741,0.1939,0.0422,-0.5768,-0.224,0.3943,0.5718,-0.1613,-0.9395,-2.9424,-4.1445,6.9017,-8.6829,-22.5173,18.8438,2.1923,0.98,1.5991,-6.397,7.2025,-1.5363,-4.4458,-0.7527,0.3071,-7.9698,2.9546,0.5733,6.8066,4.045,-1.8167,-0.0335,-7.0472,1.7815,3.2874,-3.9421,1.7524,-5.9611,0.5892,-0.4167,-1.0,-1.0,-1.0,-1.0,-1.0,-1.0,-1.0,-1.0,-1.0,-1.0,-1.0,-1.0,-1.0,-1.0,-1.0,-1.0,-1.0,-1.0,-1.0,-1.0,-1.0,-1.0,-1.0,-1.0,-1.0,-1.0,-1.0,-1.0,-1.0,-1.0,-1.0,-1.0,-1.0,-1.0,-1.0,-1.0,-1.0,-1.0,-1.0,-1.0,36.23000409237642,7.142646833746341,10.632077317935941,17.31539572057154,12.281732181768023,8.474012918319017,15.857888216951904,11.801786259749655,21.768746395759496,13.552523369784266,23.62517903503422,9.448877494152686,10.018713607447053,10.151196819621472,6.867462903201718,8.944192848895547,10.582669953377403,6.765299798372451,11.380698141576502,8.415079408933035,10.67207878411264,-1.0,7.022561877454204,3.5118969014751498,6.798272153100405,2.139771924057479
74,0.148,0.12499459581580291,-0.2377721224092596,1.2223230157615927,3.5118969014751498,6.798272153100405,0.707511924057479,0.05367774381488562,0.288,-0.0219,0.9802,0.9185,-0.1574,-0.3328,0.1444,0.3292,-0.2265,1.4987,1.0959,-0.5644,-0.0555,-0.4455,0.8664,0.1215,0.6997,-0.3158,-0.0671,-0.2262,0.3473,-0.0848,0.0633,0.4532,-0.4042,-0.2028,-0.6656,0.5497,-0.0677,0.1856,0.0462,-0.5882,-0.2228,0.3928,0.5435,-0.1354,-0.9824,-2.8963,-3.9731,6.2428,-9.1383,-24.357,19.3287,2.7849,1.0766,1.6263,-5.0912,6.7272,-1.1359,-4.197,-0.6276,0.265,-7.4847,2.7947,0.5365,6.8693,4.1063,-2.1044,0.2859,-7.2163,1.4415,3.1806,-4.106,1.9812,-5.6921,0.5753,-0.7664,-1.0,-1.0,-1.0,-1.0,-1.0,-1.0,-1.0,-1.0,-1.0,-1.0,-1.0,-1.0,-1.0,-1.0,-1.0,-1.0,-1.0,-1.0,-1.0,-1.0,-1.0,-1.0,-1.0,-1.0,-1.0,-1.0,-1.0,-1.0,-1.0,-1.0,-1.0,-1.0,-1.0,-1.0,-1.0,-1.0,-1.0,-1.0,-1.0,-1.0,43.90558836102445,7.559753834711553,11.424554040277535,19.24014856981345,13.631628938748348,8.320003907735433,14.47101290076898,12.69455083557664,20.18928718552176,12.058662595192628,19.142346753003192,8.776102798438558,10.042416562749263,9.18867059740126,-1.0,8.554816113932082,9.614040885254981,-1.0,10.986566109712568,7.706405761689931,10.538674848507146,-1.0,6.695376796785456,3.5118969014751498,6.798272153100405,2.139771924057479
75,0.15,0.13201838961875328,-0.22417557810305877,1.2237184196097077,3.5118969014751498,6.798272153100405,0.687891924057479,0.05367774381488562,0.289,-0.0221,0.9781,0.9159,-0.1613,-0.3358,0.1492,0.3098,-0.2787,1.5385,1.1024,-0.5621,-0.0522,-0.4535,0.8788,0.1197,0.6921,-0.3168,-0.0666,-0.2402,0.3526,-0.0838,0.077,0.4614,-0.4089,-0.2016,-0.6803,0.5519,-0.0616,0.1771,0.0506,-0.5988,-0.2218,0.3906,0.5166,-0.1079,-1.0223,-2.837,-3.8081,5.5956,-9.7215,-26.0887,19.9252,3.255,1.1611,1.6461,-3.9896,6.2102,-0.8829,-3.7969,-0.5165,0.2153,-7.0326,2.6758,0.515,6.8484,4.0702,-2.3673,0.5848,-7.3388,1.0959,3.0481,-4.2544,2.2115,-5.3138,0.5391,-1.1074,-1.0,-1.0,-1.0,-1.0,-1.0,-1.0,-1.0,-1.0,-1.0,-1.0,-1.0,-1.0,-1.0,-1.0,-1.0,-1.0,-1.0,-1.0,-1.0,-1.0,-1.0,-1.0,-1.0,-1.0,-1.0,-1.0,-1.0,-1.0,-1.0,-1.0,-1.0,-1.0,-1.0,-1.0,-1.0,-1.0,-1.0,-1.0,-1.0,-1.0,47.13325146760001,7.949994120171751,12.087873939550224,20.604557146684854,14.941504630499299,8.078920899526484,13.001993404440915,13.422276547986458,18.076843508687798,10.726146543558185,15.741474510071159,8.129405952882832,9.918054084789343,8.338757506489385,-1.0,8.10479959083479,8.732441166660346,-1.0,10.427812034028122,7.075706360267736,10.230302191007565,-1.0,-1.0,3.5118969014751498,6.798272153100405,2.139771924057479
76,0.152,0.13904218342170355,-0.21057903379685805,1.225074583457823,3.5118969014751498,6.798272153100405,0.668271924057479,0.05367774381488562,0.29,-0.0223,0.976,0.9135,-0.165,-0.3388,0.1534,0.289,-0.3341,1.5797,1.1095,-0.5596,-0.0489,-0.4596,0.89,0.1181,0.6857,-0.3177,-0.0663,-0.2534,0.3578,-0.0828,0.0905,0.4693,-0.414,-0.1999,-0.695,0.5534,-0.0558,0.1684,0.0555,-0.6085,-0.2208,0.3877,0.488,-0.0783,-1.0579,-2.7554,-3.6319,4.9379,-10.4018,-27.6787,20.6125,3.5385,1.2403,1.6641,-3.0631,5.578,-0.7762,-3.1822,-0.4122,0.176,-6.5857,2.5918,0.5005,6.7462,3.959,-2.5412,0.8524,-7.3438,0.7483,2.8888,-4.3867,2.4461,-4.8406,0.4693,-1.4399,-1.0,-1.0,-1.0,-1.0,-1.0,-1.0,-1.0,-1.0,-1.0,-1.0,-1.0,-1.0,-1.0,-1.0,-1.0,-1.0,-1.0,-1.0,-1.0,-1.0,-1.0,-1.0,-1.0,-1.0,-1.0,-1.0,-1.0,-1.0,-1.0,-1.0,-1.0,-1.0,-1.0,-1.0,-1.0,-1.0,-1.0,-1.0,-1.0,-1.0,43.239175956903615,8.28097288568216,12.512775918660198,20.953600679139253,16.019807997495718,7.7736281619563155,11.604984850907476,13.878233413629264,15.91279620221418,9.579992878378407,13.206533196625003,7.531593323570192,9.668611956885055,7.60328857272454,-1.0,7.6324125275469825,7.955744635737245,-1.0,9.782499860157456,-1.0,9.797640025532921,-1.0,-1.0,3.5118969014751498,6.798272153100405,2.139771924057479
77,0.154,0.1460659772246538,-0.1969824894906571,1.2263915073059377,3.5118969014751498,6.798272153100405,0.6486519240574791,0.05367774381488562,0.2909,-0.0224,0.9738,0.9112,-0.1683,-0.3416,0.1569,0.2666,-0.3923,1.6226,1.1169,-0.557,-0.0456,-0.4642,0.8996,0.1165,0.681,-0.3183,-0.066,-0.2657,0.3629,-0.0818,0.1037,0.4768,-0.4192,-0.1978,-0.7094,0.5542,-0.0504,0.1594,0.0609,-0.6172,-0.2201,0.3841,0.4571,-0.0465,-1.0896,-2.6493,-3.4437,4.2657,-11.1874,-29.1213,21.4201,3.6865,1.3056,1.6822,-2.2854,4.8367,-0.8016,-2.3777,-0.3142,0.1444,-6.135,2.5376,0.4905,6.5726,3.7776,-2.6342,1.0925,-7.2389,0.4003,2.7034,-4.5033,2.6845,-4.3767,0.3739,-1.7642,-1.0,-1.0,-1.0,-1.0,-1.0,-1.0,-1.0,-1.0,-1.0,-1.0,-1.0,-1.0,-1.0,-1.0,-1.0,-1.0,-1.0,-1.0,-1.0,-1.0,-1.0,-1.0,-1.0,-1.0,-1.0,-1.0,-1.0,-1.0,-1.0,-1.0,-1.0,-1.0,-1.0,-1.0,-1.0,-1.0,-1.0,-1.0,-1.0,-1.0,35.37892660794258,8.52631866795445,12.627786235155833,20.16715853556398,16.6467640806995,7.423685442298596,10.350079463927559,13.972891651537376,13.916766115183487,8.601541940177324,11.281888449939347,6.984104996214842,9.314140912756747,6.963993203930294,-1.0,7.1563959562625294,7.272861175190714,-1.0,9.099065695323977,-1.0,9.276695481898392,-1.0,-1.0,3.5118969014751498,6.798272153100405,2.139771924057479
78,0.156,0.15308977102760418,-0.1833859451844564,1.2276691911540527,3.5118969014751498,6.798272153100405,0.6290319240574791,0.05367774381488562,0.2917,-0.0224,0.9716,0.9091,-0.1713,-0.3444,0.1599,0.2425,-0.4531,1.6673,1.1243,-0.5543,-0.0422,-0.4675,0.9076,0.1146,0.6782,-0.3187,-0.0658,-0.277,0.3679,-0.0808,0.1163,0.484,-0.4246,-0.1951,-0.7235,0.5543,-0.0454,0.1502,0.0667,-0.6251,-0.2196,0.38,0.423,-0.0121,-1.1172,-2.5154,-3.2427,3.572,-12.0813,-30.4034,22.3776,3.7295,1.3489,1.7022,-1.6338,3.9877,-0.9503,-1.4014,-0.222,0.1195,-5.6657,2.4937,0.4842,6.3341,3.5988,-2.657,1.3083,-7.0317,0.0549,2.4899,-4.603,2.9272,-3.9218,0.255,-2.0806,-1.0,-1.0,-1.0,-1.0,-1.0,-1.0,-1.0,-1.0,-1.0,-1.0,-1.0,-1.0,-1.0,-1.0,-1.0,-1.0,-1.0,-1.0,-1.0,-1.0,-1.0,-1.0,-1.0,-1.0,-1.0,-1.0,-1.0,-1.0,-1.0,-1.0,-1.0,-1.0,-1.0,-1.0,-1.0,-1.0,-1.0,-1.0,-1.0,-1.0,27.72241528223343,8.65423992117175,12.398871816171619,18.511316630438266,16.655618795375684,7.050482095631596,9.258917287566526,13.690160579088108,12.20205608572143,7.7735600032094085,9.803459182595484,-1.0,8.890689697741298,-1.0,-1.0,6.69966186390695,6.680551107622734,-1.0,8.430138745514103,-1.0,8.720634301189525,-1.0,-1.0,3.5118969014751498,6.798272153100405,2.139771924057479
79,0.158,0.16011356483055444,-0.16978940087825545,1.2289076350021677,3.5118969014751498,6.798272153100405,0.6094119240574789,0.05367774381488562,0.2925,-0.0224,0.9693,0.9072,-0.1739,-0.347,0.1622,0.2162,-0.5158,1.714,1.1317,-0.5513,-0.0387,-0.4695,0.9137,0.1125,0.6774,-0.3189,-0.0654,-0.2876,0.3728,-0.0797,0.1281,0.4909,-0.4298,-0.1921,-0.7369,0.5536,-0.0408,0.1407,0.0731,-0.632,-0.2194,0.3754,0.3818,0.0231,-1.1389,-2.3198,-3.0132,2.9144,-13.1115,-31.3669,23.3475,3.6939,1.4564,1.733,-0.9947,3.0503,-1.0843,-0.4023,-0.0872,0.1678,-5.3027,2.481,0.5956,5.894,3.4559,-2.6241,1.5056,-6.6905,-0.3132,2.3077,-4.7218,3.1684,-3.4762,0.1044,-2.3122,-1.0,-1.0,-1.0,-1.0,-1.0,-1.0,-1.0,7.088441868846135,-1.0,-1.0,-1.0,-1.0,-1.0,6.700779335728762,-1.0,-1.0,-1.0,-1.0,-1.0,-1.0,-1.0,-1.0,-1.0,-1.0,-1.0,-1.0,-1.0,-1.0,-1.0,-1.0,-1.0,-1.0,-1.0,-1.0,-1.0,-1.0,-1.0,-1.0,-1.0,-1.0,21.81952101179876,8.662564122470174,11.893210174068717,16.501396655331007,16.085098697530718,6.674048259275323,8.326874273524938,13.105990381910066,10.757489389061146,7.0709781354795584,8.639384995081647,-1.0,8.431541579987664,-1.0,-1.0,-1.0,-1.0,-1.0,7.788812686087468,-1.0,8.151072565253807,-1.0,-1.0,3.5118969014751498,6.798272153100405,2.139771924057479
80,0.16,0.16713735863350482,-0.15619285657205473,1.2301068388502827,3.5118969014751498,6.798272153100405,0.5897919240574789,0.05367774381488562,0.2932,-0.0223,0.967,0.9055,-0.1762,-0.3494,0.164,0.1877,-0.5801,1.7631,1.1386,-0.5482,-0.0352,-0.4702,0.9179,0.11,0.6786,-0.3188,-0.065,-0.2977,0.3778,-0.0781,0.1389,0.4976,-0.4349,-0.1888,-0.7494,0.5522,-0.0366,0.131,0.0797,-0.6381,-0.2195,0.3704,0.3402,0.0586,-1.156,-2.0971,-2.7926,2.2697,-14.2497,-32.1511,24.5384,3.4377,1.5539,1.7584,-0.3778,2.1114,-1.2359,0.6065,0.0404,0.2202,-5.0398,2.5115,0.7646,5.3991,3.3415,-2.564,1.6861,-6.2711,-0.7051,2.1201,-4.837,3.3268,-3.04,-0.0621,-2.4701,-1.0,-1.0,-1.0,-1.0,-1.0,-1.0,-1.0,7.830000081914748,-1.0,-1.0,-1.0,-1.0,-1.0,7.278513627904815,-1.0,-1.0,-1.0,-1.0,-1.0,-1.0,-1.0,-1.0,-1.0,-1.0,-1.0,-1.0,-1.0,-1.0,-1.0,-1.0,-1.0,-1.0,-1.0,-1.0,-1.0,-1.0,-1.0,-1.0,-1.0,-1.0,17.520298905589183,8.538436408689211,11.176923151146054,14.475879897256018,15.043284436102839,-1.0,7.531553362678927,12.300923934877423,9.559074149027365,-1.0,7.7085515529953765,-1.0,7.957784736727675,-1.0,-1.0,-1.0,-1.0,-1.0,7.200894163838356,-1.0,7.602540403855224,-1.0,-1.0,3.5118969014751498,6.798272153100405,2.139771924057479
81,0.162,0.17416115243645508,-0.1425963122658538,1.2312668026983977,3.5118969014751498,6.798272153100405,0.570171924057479,0.05367774381488562,0.2938,-0.0221,0.9647,0.904,-0.178,-0.3518,0.1653,0.1568,-0.6457,1.815,1.1443,-0.545,-0.0316,-0.4698,0.9203,0.1072,0.6817,-0.3185,-0.0644,-0.3074,0.383,-0.0761,0.1486,0.5042,-0.4399,-0.1851,-0.761,0.55,-0.0327,0.1211,0.0865,-0.6433,-0.22,0.3653,0.299,0.0937,-1.167,-1.8495,-2.5849,1.6304,-15.4868,-32.7576,25.9775,2.8545,1.6451,1.7771,0.2231,1.1908,-1.4065,1.5758,0.164,0.2763,-4.868,2.585,1.007,4.8504,3.261,-2.4802,1.8519,-5.7713,-1.1178,1.9321,-4.9494,3.404,-2.6128,-0.2391,-2.5662,-1.0,-1.0,-1.0,-1.0,-1.0,-1.0,-1.0,8.717090428614437,-1.0,-1.0,-1.0,-1.0,-1.0,7.927488338538304,-1.0,-1.0,-1.0,-1.0,-1.0,-1.0,-1.0,-1.0,-1.0,-1.0,-1.0,-1.0,-1.0,-1.0,-1.0,-1.0,-1.0,-1.0,-1.0,-1.0,-1.0,-1.0,-1.0,-1.0,-1.0,-1.0,14.393297656370994,8.297808511476122,10.349468293425199,12.63559575753764,13.746550165070314,-1.0,6.848155766449127,11.380775779510852,8.554898657633316,-1.0,6.944389770792323,-1.0,7.484533661995698,-1.0,-1.0,-1.0,-1.0,-1.0,-1.0,-1.0,7.081216801221025,-1.0,-1.0,3.5118969014751498,6.798272153100405,2.139771924057479
82,0.164,0.18118494623940534,-0.12899976795965307,1.2323875265465125,3.5118969014751498,6.798272153100405,0.550551924057479,0.05367774381488562,0.2943,-0.0218,0.9623,0.9027,-0.1794,-0.354,0.1661,0.1231,-0.7119,1.8704,1.1484,-0.5415,-0.028,-0.4681,0.9208,0.104,0.6868,-0.3179,-0.0638,-0.3169,0.3884,-0.0736,0.1572,0.5106,-0.4446,-0.1811,-0.7715,0.5469,-0.0292,0.111,0.0933,-0.6477,-0.2208,0.3601,0.255,0.1307,-1.1735,-1.567,-2.3801,0.9772,-16.8331,-33.1282,27.6521,2.0592,1.7369,1.7899,0.8292,0.2573,-1.6009,2.5449,0.2921,0.3317,-4.7391,2.6861,1.2425,4.3035,3.2103,-2.3394,1.9885,-5.2608,-1.5409,1.7478,-5.0638,3.4094,-2.1945,-0.4075,-2.5787,-1.0,-1.0,-1.0,-1.0,-1.0,-1.0,-1.0,9.776962190996676,-1.0,-1.0,-1.0,-1.0,-1.0,8.644484464687174,-1.0,-1.0,-1.0,-1.0,-1.0,-1.0,-1.0,-1.0,-1.0,-1.0,-1.0,-1.0,-1.0,-1.0,-1.0,-1.0,-1.0,-1.0,-1.0,-1.0,-1.0,-1.0,-1.0,-1.0,-1.0,-1.0,12.093851439686386,7.967181789105586,9.498624965014805,11.058977025547254,12.392688378614924,-1.0,-1.0,10.438575141515576,7.7129639189484855,-1.0,-1.0,-1.0,7.026847073429669,-1.0,-1.0,-1.0,-1.0,-1.0,-1.0,-1.0,-1.0,-1.0,-1.0,3.5118969014751498,6.798272153100405,2.139771924057479
83,0.166,0.18820874004235572,-0.11540322365345212,1.2334690103946273,3.5118969014751498,6.798272153100405,0.530931924057479,0.05367774381488562,0.2947,-0.0215,0.96,0.9017,-0.1802,-0.3561,0.1663,0.0865,-0.7782,1.9293,1.1509,-0.5378,-0.0244,-0.4652,0.9193,0.1003,0.694,-0.3171,-0.063,-0.3262,0.394,-0.0707,0.1648,0.517,-0.4488,-0.1769,-0.781,0.543,-0.0261,0.1006,0.1,-0.6513,-0.2219,0.3552,0.2038,0.1709,-1.178,-1.2298,-2.162,0.3104,-18.2874,-33.1365,29.485,1.2438,1.831,1.7972,1.4462,-0.7468,-1.8236,3.6081,0.4299,0.3823,-4.6314,2.7933,1.4562,3.7912,3.194,-2.1144,2.0852,-4.7633,-1.9688,1.5729,-5.1839,3.3471,-1.7846,-0.5486,-2.4865,-1.0,-1.0,-1.0,-1.0,-1.0,-1.0,-1.0,11.07525840486554,-1.0,-1.0,-1.0,-1.0,-1.0,9.435176063845057,-1.0,-1.0,-1.0,-1.0,-1.0,-1.0,-1.0,-1.0,-1.0,-1.0,-1.0,-1.0,-1.0,-1.0,-1.0,-1.0,-1.0,-1.0,-1.0,-1.0,-1.0,-1.0,-1.0,-1.0,-1.0,-1.0,10.351491552381422,7.5685773365356654,8.668947634726853,9.72746803985733,11.09933813207522,-1.0,-1.0,9.535087120801453,7.001869913819703,-1.0,-1.0,-1.0,-1.0,-1.0,-1.0,-1.0,-1.0,-1.0,-1.0,-1.0,-1.0,-1.0,-1.0,3.5118969014751498,6.798272153100405,2.139771924057479
84,0.168,0.19523253384530598,-0.1018066793472514,1.2345112542427426,3.5118969014751498,6.798272153100405,0.5113119240574788,0.05367774381488562,0.295,-0.021,0.9576,0.9009,-0.1805,-0.3581,0.1661,0.047,-0.8436,1.9921,1.1516,-0.534,-0.0208,-0.4611,0.9157,0.0962,0.7036,-0.3159,-0.0621,-0.3353,0.3998,-0.0675,0.1716,0.5234,-0.4524,-0.1726,-0.7896,0.5382,-0.0233,0.09,0.1065,-0.654,-0.2232,0.3506,0.1442,0.214,-1.1804,-0.8353,-1.928,-0.3494,-19.7815,-32.6981,31.3698,0.3705,1.9261,1.7971,2.0549,-1.8295,-2.0779,4.7847,0.5761,0.4286,-4.5749,2.9044,1.6127,3.4156,3.2121,-1.8161,2.148,-4.2786,-2.4089,1.4086,-5.3088,3.2246,-1.3832,-0.6665,-2.3025,-1.0,-1.0,-1.0,-1.0,-1.0,-1.0,-1.0,12.619722682994444,-1.0,-1.0,-1.0,-1.0,-1.0,10.259961295934742,-1.0,-1.0,-1.0,-1.0,-1.0,-1.0,-1.0,-1.0,-1.0,-1.0,-1.0,-1.0,-1.0,-1.0,-1.0,-1.0,-1.0,-1.0,-1.0,-1.0,-1.0,-1.0,-1.0,-1.0,-1.0,-1.0,9.011260482688687,7.137354722270103,7.9040343579371495,8.624952945057217,9.932815534343664,-1.0,-1.0,8.699700017609059,-1.0,-1.0,-1.0,-1.0,-1.0,-1.0,-1.0,-1.0,-1.0,-1.0,-1.0,-1.0,-1.0,-1.0,-1.0,3.5118969014751498,6.798272153100405,2.139771924057479
85,0.17,0.20225632764825635,-0.08821013504105046,1.2355142580908574,3.5118969014751498,6.798272153100405,0.49169192405747886,0.05367774381488562,0.2951,-0.0205,0.9552,0.9005,-0.18,-0.3599,0.1648,0.006,-0.9065,2.058,1.1517,-0.5299,-0.0171,-0.4546,0.9099,0.0915,0.7146,-0.3143,-0.0612,-0.3417,0.4051,-0.0643,0.1778,0.5299,-0.4552,-0.1684,-0.7972,0.5333,-0.0208,0.0792,0.1126,-0.656,-0.2246,0.3465,0.0744,0.2706,-1.1817,-0.3651,-1.6675,-1.575,-20.4824,-31.4312,32.9466,0.0361,2.0467,1.8788,3.2592,-2.8782,-2.313,5.5137,0.795,0.4791,-3.1748,2.6404,1.6038,3.0821,3.2398,-1.4071,2.1234,-3.8054,-2.4376,1.2336,-5.4157,3.0525,-0.9869,-0.6978,-2.0488,-1.0,-1.0,-1.0,-1.0,-1.0,-1.0,-1.0,14.446865657621581,-1.0,-1.0,-1.0,-1.0,-1.0,11.082515068024792,-1.0,-1.0,6.933881497706055,-1.0,-1.0,-1.0,-1.0,-1.0,-1.0,-1.0,-1.0,-1.0,-1.0,-1.0,-1.0,-1.0,-1.0,-1.0,-1.0,-1.0,-1.0,-1.0,-1.0,-1.0,-1.0,-1.0,7.95870576335205,6.698599328129099,7.216871769079175,7.712532863274399,8.917060344757017,-1.0,-1.0,7.952399866704236,-1.0,-1.0,-1.0,-1.0,-1.0,-1.0,-1.0,-1.0,-1.0,-1.0,-1.0,-1.0,-1.0,-1.0,-1.0,3.5118969014751498,6.798272153100405,2.139771924057479
86,0.172,0.2092801214512066,-0.07461359073484974,1.2364780219389724,3.5118969014751498,6.798272153100405,0.4720719240574789,0.05367774381488562,0.2951,-0.0198,0.9529,0.9005,-0.1787,-0.3617,0.1626,-0.0357,-0.9659,2.1265,1.1504,-0.5255,-0.0132,-0.4458,0.902,0.0863,0.7274,-0.3123,-0.0601,-0.345,0.4097,-0.061,0.1832,0.5364,-0.4573,-0.1642,-0.8039,0.5284,-0.0186,0.0681,0.1183,-0.6572,-0.2261,0.343,0.0027,0.3254,-1.1794,0.1153,-1.4164,-2.8263,-20.8287,-29.7456,34.2613,-0.6331,2.1772,1.9448,4.4083,-3.9556,-2.6255,6.3643,1.0107,0.5265,-1.6732,2.3338,1.6179,2.7109,3.2755,-1.0059,2.0821,-3.3444,-2.4221,1.0789,-5.5277,2.8275,-0.5983,-0.7256,-1.7214,-1.0,-1.0,-1.0,-1.0,-1.0,-1.0,-1.0,16.48991134543701,-1.0,-1.0,7.142112090949542,-1.0,-1.0,11.817037103150685,-1.0,-1.0,7.464777644689223,-1.0,-1.0,-1.0,-1.0,-1.0,-1.0,-1.0,-1.0,-1.0,-1.0,-1.0,-1.0,-1.0,-1.0,-1.0,-1.0,-1.0,-1.0,-1.0,-1.0,-1.0,-1.0,-1.0,7.124487809440771,-1.0,-1.0,6.961570246197367,8.052717851516286,-1.0,-1.0,7.298313668573002,-1.0,-1.0,-1.0,-1.0,-1.0,-1.0,-1.0,-1.0,-1.0,-1.0,-1.0,-1.0,-1.0,-1.0,-1.0,3.5118969014751498,6.798272153100405,2.139771924057479
87,0.174,0.21630391525415688,-0.0610170464286488,1.2374025457870874,3.5118969014751498,6.798272153100405,0.4524519240574789,0.05367774381488562,0.295,-0.0191,0.9505,0.9008,-0.1765,-0.3633,0.1595,-0.0773,-1.021,2.1964,1.1474,-0.5209,-0.0092,-0.4351,0.8921,0.0804,0.7416,-0.3098,-0.059,-0.3459,0.4139,-0.0578,0.1881,0.543,-0.4585,-0.1602,-0.8097,0.5235,-0.0168,0.0569,0.1234,-0.6576,-0.2275,0.3404,-0.0682,0.3742,-1.1755,0.5806,-1.1812,-3.8812,-20.8261,-27.5236,34.9582,-1.5254,2.3267,1.9783,5.3561,-4.9558,-2.9541,7.1149,1.2384,0.5708,-0.4621,2.0632,1.6272,2.4222,3.3107,-0.6123,2.0041,-2.8954,-2.4625,0.9255,-5.631,2.5891,-0.2176,-0.728,-1.3189,-1.0,-1.0,-1.0,-1.0,-1.0,-1.0,-1.0,18.634593638554893,-1.0,-1.0,7.69234405557723,-1.0,-1.0,12.41438062930756,-1.0,-1.0,8.044820412568548,-1.0,-1.0,-1.0,-1.0,-1.0,-1.0,-1.0,-1.0,-1.0,-1.0,-1.0,-1.0,-1.0,-1.0,-1.0,-1.0,-1.0,-1.0,-1.0,-1.0,-1.0,-1.0,-1.0,-1.0,-1.0,-1.0,-1.0,7.312267366925818,-1.0,-1.0,6.721079951354994,-1.0,-1.0,-1.0,-1.0,-1.0,-1.0,-1.0,-1.0,-1.0,-1.0,-1.0,-1.0,-1.0,-1.0,-1.0,3.5118969014751498,6.798272153100405,2.139771924057479
88,0.176,0.22332770905710725,-0.04742050212244808,1.2382878296352025,3.5118969014751498,6.798272153100405,0.4328319240574787,0.05367774381488562,0.2947,-0.0183,0.9482,0.9013,-0.1738,-0.3648,0.1559,-0.1183,-1.0706,2.2659,1.1428,-0.5159,-0.0053,-0.4231,0.8805,0.074,0.7566,-0.3068,-0.0578,-0.3458,0.4177,-0.0546,0.1928,0.5497,-0.4589,-0.1564,-0.8146,0.5182,-0.0153,0.0454,0.1281,-0.6573,-0.2289,0.3385,-0.1357,0.4137,-1.1739,1.0113,-0.9572,-4.5217,-20.5126,-24.8157,34.7343,-2.3042,2.4906,1.9707,5.9846,-5.7703,-3.2154,7.4929,1.494,0.6124,0.0823,1.9031,1.5995,2.3404,3.3369,-0.2264,1.8889,-2.4587,-2.6464,0.7547,-5.7121,2.3488,0.1548,-0.6877,-0.9222,-1.0,-1.0,-1.0,-1.0,-1.0,-1.0,-1.0,20.518101553465,-1.0,-1.0,8.2844042576589,-1.0,-1.0,12.738928055633568,-1.0,-1.0,8.65259701770526,-1.0,-1.0,-1.0,-1.0,-1.0,-1.0,-1.0,-1.0,-1.0,-1.0,-1.0,-1.0,-1.0,-1.0,-1.0,-1.0,-1.0,-1.0,-1.0,-1.0,-1.0,-1.0,-1.0,-1.0,-1.0,-1.0,-1.0,6.669646993136786,-1.0,-1.0,-1.0,-1.0,-1.0,-1.0,-1.0,-1.0,-1.0,-1.0,-1.0,-1.0,-1.0,-1.0,-1.0,-1.0,-1.0,-1.0,3.5118969014751498,6.798272153100405,2.139771924057479
89,0.178,0.2303515028600574,-0.03382395781624736,1.2391338734833173,3.5118969014751498,6.798272153100405,0.413211924057479,0.05367774381488562,0.2943,-0.0174,0.9458,0.902,-0.1707,-0.3661,0.1523,-0.1581,-1.1146,2.3331,1.1371,-0.5106,-0.0014,-0.4105,0.8678,0.0672,0.7716,-0.3033,-0.0565,-0.3458,0.4214,-0.0515,0.1977,0.5564,-0.4586,-0.1529,-0.8187,0.5123,-0.0142,0.034,0.1323,-0.6563,-0.2301,0.3375,-0.1968,0.4429,-1.1754,1.3916,-0.7387,-4.7574,-19.8608,-22.0036,33.5967,-2.853,2.662,1.9282,6.3078,-6.3928,-3.3911,7.4892,1.7755,0.6511,-0.0241,1.8607,1.5327,2.4616,3.3468,0.152,1.7618,-2.034,-2.9677,0.5542,-5.7274,2.1079,0.5194,-0.6122,-0.5346,-1.0,-1.0,-1.0,-1.0,-1.0,-1.0,-1.0,21.630432596125143,-1.0,-1.0,8.900168570327798,-1.0,-1.0,12.749126909036761,-1.0,-1.0,9.270491374616604,-1.0,-1.0,-1.0,-1.0,-1.0,-1.0,-1.0,-1.0,-1.0,-1.0,-1.0,-1.0,-1.0,-1.0,-1.0,-1.0,-1.0,-1.0,-1.0,-1.0,-1.0,-1.0,-1.0,-1.0,-1.0,-1.0,-1.0,-1.0,-1.0,-1.0,-1.0,-1.0,-1.0,-1.0,-1.0,-1.0,-1.0,-1.0,-1.0,-1.0,-1.0,-1.0,-1.0,-1.0,-1.0,-1.0,3.5118969014751498,6.798272153100405,2.139771924057479
90,0.18,0.23737529666300777,-0.020227413510046643,1.2399406773314323,3.5118969014751498,6.798272153100405,0.393591924057479,0.05367774381488562,0.2938,-0.0165,0.9435,0.9028,-0.1674,-0.3671,0.1488,-0.1959,-1.1534,2.3964,1.1309,-0.5049,0.0023,-0.3978,0.8541,0.0602,0.7859,-0.2991,-0.0551,-0.3472,0.4253,-0.0486,0.2031,0.5631,-0.4576,-0.1496,-0.8219,0.5055,-0.0136,0.0228,0.1361,-0.6545,-0.2311,0.3371,-0.2505,0.4618,-1.18,1.7179,-0.5196,-4.6343,-18.9066,-19.3756,31.6758,-3.0904,2.8331,1.8595,6.3658,-6.8458,-3.4756,7.1517,2.0782,0.6868,-0.7126,1.9364,1.4463,2.6924,3.3381,0.5224,1.644,-1.6208,-3.4106,0.3106,-5.6185,1.8678,0.8766,-0.5075,-0.1562,-1.0,-1.0,-1.0,-1.0,-1.0,-1.0,-1.0,21.653233504254484,-1.0,-1.0,9.53707341643075,-1.0,-1.0,12.440103366879125,-1.0,-1.0,9.880931743736168,-1.0,-1.0,-1.0,-1.0,-1.0,-1.0,-1.0,-1.0,-1.0,-1.0,-1.0,-1.0,-1.0,-1.0,-1.0,-1.0,-1.0,-1.0,-1.0,-1.0,-1.0,-1.0,-1.0,-1.0,-1.0,-1.0,-1.0,-1.0,-1.0,-1.0,-1.0,-1.0,-1.0,-1.0,-1.0,-1.0,-1.0,-1.0,-1.0,-1.0,-1.0,-1.0,-1.0,-1.0,-1.0,-1.0,3.5118969014751498,6.798272153100405,2.139771924057479
91,0.182,0.24439909046595804,-0.006630869203845702,1.2407082411795471,3.5118969014751498,6.798272153100405,0.37397192405747903,0.05367774381488562,0.2932,-0.0155,0.9411,0.9037,-0.164,-0.3678,0.1457,-0.2312,-1.1876,2.4549,1.1249,-0.4989,0.0058,-0.3852,0.8397,0.0533,0.799,-0.2943,-0.0537,-0.3507,0.4294,-0.0459,0.2089,0.5697,-0.4558,-0.1465,-0.8243,0.4977,-0.0135,0.012,0.1393,-0.6521,-0.2319,0.3376,-0.2978,0.4727,-1.187,1.9982,-0.2932,-4.2977,-17.6766,-17.1329,29.2241,-2.9892,2.9967,1.7789,6.2755,-7.1874,-3.4845,6.5919,2.3946,0.719,-1.7184,2.0799,1.3726,2.9152,3.3129,0.8849,1.554,-1.2185,-3.9096,0.0386,-5.3976,1.6326,1.2269,-0.3787,0.213,-1.0,-1.0,-1.0,-1.0,-1.0,-1.0,-1.0,20.476884345730703,6.710387617459461,-1.0,10.14627532971915,-1.0,-1.0,11.85518475952376,-1.0,-1.0,10.429883028452622,-1.0,-1.0,-1.0,-1.0,-1.0,-1.0,-1.0,-1.0,-1.0,-1.0,-1.0,-1.0,-1.0,-1.0,-1.0,-1.0,-1.0,-1.0,-1.0,-1.0,-1.0,-1.0,-1.0,-1.0,-1.0,-1.0,-1.0,-1.0,-1.0,-1.0,-1.0,-1.0,-1.0,-1.0,-1.0,-1.0,-1.0,-1.0,-1.0,-1.0,-1.0,-1.0,-1.0,-1.0,-1.0,-1.0,3.5118969014751498,6.798272153100405,2.139771924057479
92,0.184,0.2514228842689083,0.006965675102355018,1.241436565027662,3.5118969014751498,6.798272153100405,0.35435192405747906,0.05367774381488562,0.2926,-0.0146,0.9387,0.9046,-0.1605,-0.3682,0.1429,-0.2638,-1.2181,2.5083,1.1195,-0.4925,0.0093,-0.373,0.8244,0.0462,0.8123,-0.2889,-0.0522,-0.3559,0.4338,-0.043,0.2149,0.5763,-0.4533,-0.1438,-0.826,0.4888,-0.014,0.002,0.1422,-0.649,-0.2322,0.3387,-0.3408,0.4732,-1.2028,2.2012,-0.0753,-3.996,-16.269,-15.2284,26.7052,-2.6834,3.1923,1.757,6.1229,-7.6645,-3.5077,6.6149,2.6937,0.7509,-2.6384,2.2018,1.462,3.0247,3.2833,1.2408,1.3567,-0.8282,-4.4041,-0.2741,-4.9717,1.4111,1.5715,-0.1809,0.5725,-1.0,-1.0,-1.0,-1.0,-1.0,-1.0,-1.0,18.551635308803437,6.758097496125713,-1.0,10.697219623401715,-1.0,-1.0,11.098393325365665,-1.0,-1.0,10.883376448920412,-1.0,-1.0,-1.0,-1.0,-1.0,-1.0,-1.0,-1.0,-1.0,-1.0,-1.0,-1.0,-1.0,-1.0,-1.0,-1.0,-1.0,-1.0,-1.0,-1.0,-1.0,-1.0,-1.0,-1.0,-1.0,-1.0,-1.0,-1.0,-1.0,-1.0,-1.0,-1.0,-1.0,-1.0,-1.0,-1.0,-1.0,-1.0,-1.0,-1.0,-1.0,-1.0,-1.0,-1.0,-1.0,-1.0,3.5118969014751498,6.798272153100405,2.139771924057479
93,0.186,0.25844667807185867,0.020562219408555737,1.242125648875777,3.5118969014751498,6.798272153100405,0.3347319240574791,0.05367774381488562,0.2918,-0.0136,0.9362,0.9055,-0.1571,-0.3683,0.1404,-0.2933,-1.2453,2.5565,1.1151,-0.4857,0.0129,-0.3612,0.808,0.0392,0.8261,-0.283,-0.0506,-0.3632,0.4385,-0.0399,0.2212,0.5827,-0.4502,-0.1415,-0.8269,0.479,-0.0152,-0.007,0.1446,-0.6451,-0.2321,0.3406,-0.3784,0.4677,-1.2247,2.3419,0.1311,-3.6729,-14.7577,-13.6113,24.1212,-2.2231,3.3927,1.7866,5.9038,-8.184,-3.5265,6.9144,2.9745,0.7776,-3.6066,2.3528,1.5405,3.1453,3.2325,1.5896,1.1474,-0.4481,-4.9293,-0.5952,-4.4942,1.2151,1.9095,0.0569,0.9233,-1.0,-1.0,-1.0,-1.0,-1.0,-1.0,-1.0,16.295422966738933,6.738843406703018,-1.0,11.10286993365236,-1.0,-1.0,10.232105982804043,-1.0,-1.0,11.14491082152789,-1.0,-1.0,-1.0,-1.0,-1.0,-1.0,-1.0,-1.0,-1.0,-1.0,-1.0,-1.0,-1.0,-1.0,-1.0,-1.0,-1.0,-1.0,-1.0,-1.0,-1.0,-1.0,-1.0,-1.0,-1.0,-1.0,-1.0,-1.0,-1.0,-1.0,-1.0,-1.0,-1.0,-1.0,-1.0,-1.0,-1.0,-1.0,-1.0,-1.0,-1.0,-1.0,-1.0,-1.0,-1.0,-1.0,3.5118969014751498,6.798272153100405,2.139771924057479
94,0.188,0.26547047187480893,0.03415876371475668,1.242775492723892,3.5118969014751498,6.798272153100405,0.3151119240574789,0.05367774381488562,0.291,-0.0127,0.9337,0.9065,-0.1537,-0.3682,0.1383,-0.3196,-1.2696,2.5994,1.112,-0.4785,0.0166,-0.3498,0.7907,0.0322,0.8405,-0.2765,-0.049,-0.3723,0.4436,-0.0367,0.2278,0.5891,-0.4463,-0.1396,-0.827,0.4681,-0.017,-0.015,0.1467,-0.6407,-0.2315,0.3431,-0.4094,0.4571,-1.251,2.4244,0.3188,-3.3317,-13.1372,-12.1535,21.4516,-1.5384,3.5891,1.8168,5.6772,-8.6442,-3.4987,7.1737,3.2472,0.7995,-4.5798,2.5176,1.6125,3.2747,3.1629,1.9315,0.9399,-0.0782,-5.4638,-0.9104,-4.0002,1.0658,2.2411,0.34,1.2657,-1.0,-1.0,-1.0,-1.0,-1.0,-1.0,-1.0,14.1499696169102,-1.0,-1.0,11.332475469537089,-1.0,-1.0,9.36117723138141,-1.0,-1.0,11.206165163695513,-1.0,-1.0,-1.0,-1.0,-1.0,-1.0,-1.0,-1.0,-1.0,-1.0,-1.0,-1.0,-1.0,-1.0,-1.0,-1.0,-1.0,-1.0,-1.0,-1.0,-1.0,-1.0,-1.0,-1.0,-1.0,-1.0,-1.0,-1.0,-1.0,-1.0,-1.0,-1.0,-1.0,-1.0,-1.0,-1.0,-1.0,-1.0,-1.0,-1.0,-1.0,-1.0,-1.0,-1.0,-1.0,-1.0,3.5118969014751498,6.798272153100405,2.139771924057479
95,0.19,0.2724942656777593,0.0477553080209574,1.243386096572007,3.5118969014751498,6.798272153100405,0.2954919240574789,0.05367774381488562,0.2901,-0.0118,0.9312,0.9074,-0.1504,-0.3679,0.1364,-0.3425,-1.2913,2.637,1.1107,-0.471,0.0203,-0.3389,0.7726,0.0253,0.8552,-0.2695,-0.0474,-0.3834,0.449,-0.0333,0.2346,0.5952,-0.4418,-0.1381,-0.8265,0.456,-0.0195,-0.0219,0.1487,-0.6355,-0.2301,0.3463,-0.4344,0.4426,-1.2814,2.4574,0.4894,-2.9748,-11.478,-10.8273,18.7741,-0.65,3.7804,1.8491,5.4536,-9.0426,-3.4215,7.3605,3.5131,0.817,-5.5562,2.6962,1.6786,3.4111,3.0787,2.2666,0.7356,0.2818,-6.0065,-1.218,-3.4891,0.9621,2.5664,0.6644,1.5998,-1.0,-1.0,-1.0,-1.0,-1.0,-1.0,-1.0,12.256155127873695,-1.0,-1.0,11.336132551474018,-1.0,-1.0,8.522510624928126,-1.0,-1.0,11.030670130306042,-1.0,-1.0,-1.0,-1.0,-1.0,-1.0,-1.0,-1.0,-1.0,-1.0,-1.0,-1.0,-1.0,-1.0,-1.0,-1.0,-1.0,-1.0,-1.0,-1.0,-1.0,-1.0,-1.0,-1.0,-1.0,-1.0,-1.0,-1.0,-1.0,-1.0,-1.0,-1.0,-1.0,-1.0,-1.0,-1.0,-1.0,-1.0,-1.0,-1.0,-1.0,-1.0,-1.0,-1.0,-1.0,-1.0,3.5118969014751498,6.798272153100405,2.139771924057479
96,0.192,0.27951805948070957,0.06135185232715834,1.243957460420122,3.5118969014751498,6.798272153100405,0.27587192405747896,0.05367774381488562,0.2892,-0.011,0.9285,0.9084,-0.1473,-0.3674,0.1348,-0.3622,-1.3105,2.6692,1.1116,-0.4631,0.024,-0.3284,0.7539,0.0188,0.87,-0.2619,-0.0457,-0.3965,0.4547,-0.0299,0.2418,0.6012,-0.4367,-0.1371,-0.8252,0.4429,-0.0225,-0.0279,0.1505,-0.6297,-0.2281,0.3501,-0.454,0.4257,-1.3154,2.4484,0.6439,-2.6012,-9.8331,-9.6001,16.1425,0.4238,3.966,1.8863,5.2418,-9.3706,-3.2925,7.4288,3.7741,0.8307,-6.5399,2.8915,1.7019,3.5791,2.9772,2.5472,0.535,0.6325,-6.558,-1.5197,-2.9554,0.9028,2.8856,1.0262,1.9257,-1.0,-1.0,-1.0,-1.0,-1.0,-1.0,-1.0,10.65383319670968,-1.0,-1.0,11.09219492482272,-1.0,-1.0,7.7544146244745935,-1.0,-1.0,10.647611140334506,-1.0,-1.0,-1.0,-1.0,-1.0,-1.0,-1.0,-1.0,-1.0,-1.0,-1.0,-1.0,-1.0,-1.0,-1.0,-1.0,-1.0,-1.0,-1.0,-1.0,-1.0,-1.0,-1.0,-1.0,-1.0,-1.0,-1.0,-1.0,-1.0,-1.0,-1.0,-1.0,-1.0,-1.0,-1.0,-1.0,-1.0,-1.0,-1.0,-1.0,-1.0,-1.0,-1.0,-1.0,-1.0,-1.0,3.5118969014751498,6.798272153100405,2.139771924057479
97,0.194,0.28654185328365983,0.07494839663335906,1.244489584268237,3.5118969014751498,6.798272153100405,0.256251924057479,0.05367774381488562,0.2883,-0.0102,0.9258,0.9093,-0.1444,-0.3666,0.1336,-0.3787,-1.3274,2.6964,1.1149,-0.4548,0.0279,-0.3183,0.7347,0.0125,0.8847,-0.2539,-0.044,-0.4116,0.461,-0.0266,0.2494,0.6069,-0.4311,-0.1364,-0.8233,0.4287,-0.0261,-0.0326,0.1522,-0.6233,-0.2252,0.3546,-0.4686,0.4082,-1.3525,2.4034,0.783,-2.2082,-8.2412,-8.44,13.5913,1.6679,4.1452,1.9324,5.0477,-9.6168,-3.1098,7.3299,4.0325,0.8412,-7.5372,3.1061,1.6426,3.8054,2.8537,2.7619,0.3372,0.9744,-7.1193,-1.8186,-2.3902,0.8871,3.1988,1.4202,2.2437,-1.0,-1.0,-1.0,-1.0,-1.0,-1.0,-1.0,9.34118225325032,-1.0,-1.0,10.652673764459832,-1.0,-1.0,7.069597174006209,-1.0,-1.0,10.113345201989551,-1.0,-1.0,-1.0,-1.0,-1.0,-1.0,-1.0,-1.0,-1.0,-1.0,-1.0,-1.0,-1.0,-1.0,-1.0,-1.0,-1.0,-1.0,-1.0,-1.0,-1.0,-1.0,-1.0,-1.0,-1.0,-1.0,-1.0,-1.0,-1.0,-1.0,-1.0,-1.0,-1.0,-1.0,-1.0,-1.0,-1.0,-1.0,-1.0,-1.0,-1.0,-1.0,-1.0,-1.0,-1.0,-1.0,3.5118969014751498,6.798272153100405,2.139771924057479
98,0.196,0.2935656470866102,0.08854494093956,1.244982468116352,3.5118969014751498,6.798272153100405,0.23663192405747902,0.05367774381488562,0.2873,-0.0094,0.9231,0.9102,-0.1418,-0.3658,0.1327,-0.3919,-1.3426,2.7186,1.1197,-0.446,0.0315,-0.3084,0.7157,0.0069,0.8975,-0.2452,-0.0423,-0.4287,0.4677,-0.0235,0.2574,0.6124,-0.4253,-0.136,-0.8207,0.4134,-0.0303,-0.0363,0.1537,-0.6163,-0.2216,0.3597,-0.4707,0.3894,-1.3747,2.3475,0.8625,-1.8001,-6.6025,-7.6251,11.0749,2.3706,4.3759,1.8283,4.9561,-9.4784,-2.8261,6.3877,4.3412,0.8809,-8.5382,3.3536,1.5775,4.0359,2.7515,2.9079,0.1817,1.3074,-7.6237,-2.0834,-1.8418,0.7554,3.5052,1.7997,2.5545,-1.0,-1.0,-1.0,-1.0,-1.0,-1.0,-1.0,8.25579335172653,-1.0,-1.0,10.062848602493283,-1.0,-1.0,-1.0,-1.0,-1.0,9.468391139442977,-1.0,-1.0,-1.0,-1.0,-1.0,-1.0,-1.0,-1.0,-1.0,-1.0,-1.0,-1.0,-1.0,-1.0,-1.0,-1.0,-1.0,-1.0,-1.0,-1.0,-1.0,-1.0,-1.0,-1.0,-1.0,-1.0,-1.0,-1.0,-1.0,-1.0,-1.0,-1.0,-1.0,-1.0,-1.0,-1.0,-1.0,-1.0,-1.0,-1.0,-1.0,-1.0,-1.0,-1.0,-1.0,-1.0,3.5118969014751498,6.798272153100405,2.139771924057479
99,0.198,0.30058944088956047,0.10214148524576072,1.2454361119644668,3.5118969014751498,6.798272153100405,0.21701192405747882,0.05367774381488562,0.2864,-0.0086,0.9203,0.911,-0.1393,-0.3649,0.1322,-0.402,-1.3563,2.7359,1.126,-0.4368,0.035,-0.2987,0.6975,0.0019,0.9076,-0.2359,-0.0404,-0.4478,0.4749,-0.0204,0.266,0.6177,-0.4193,-0.136,-0.8174,0.3972,-0.035,-0.0388,0.155,-0.6087,-0.2173,0.3655,-0.4632,0.3709,-1.3958,2.2681,0.8858,-1.327,-5.0812,-6.8202,8.6631,3.1506,4.5964,1.7214,4.873,-9.0792,-2.4805,5.0687,4.6384,0.9174,-9.5836,3.6112,1.5138,4.2598,2.6578,3.0049,0.0236,1.6315,-8.1161,-2.3432,-1.2444,0.6335,3.8058,2.1789,2.8576,-1.0,-1.0,-1.0,-1.0,-1.0,-1.0,-1.0,7.361224741225273,-1.0,-1.0,9.391563643257095,-1.0,-1.0,-1.0,-1.0,-1.0,8.789545534507262,-1.0,-1.0,-1.0,-1.0,-1.0,-1.0,-1.0,-1.0,-1.0,-1.0,-1.0,-1.0,-1.0,-1.0,-1.0,-1.0,-1.0,-1.0,-1.0,-1.0,-1.0,-1.0,-1.0,-1.0,-1.0,-1.0,-1.0,-1.0,-1.0,-1.0,-1.0,-1.0,-1.0,-1.0,-1.0,-1.0,-1.0,-1.0,-1.0,-1.0,-1.0,-1.0,-1.0,-1.0,-1.0,-1.0,3.5118969014751498,6.798272153100405,2.139771924057479
100,0.2,0.30761323469251084,0.11573802955196166,1.2458505158125817,3.5118969014751498,6.798272153100405,0.19739192405747885,0.05367774381488562,0.2855,-0.0079,0.9175,0.9118,-0.1372,-0.3639,0.1321,-0.4094,-1.3684,2.7487,1.134,-0.4272,0.0382,-0.2891,0.6803,-0.0023,0.9148,-0.2261,-0.0385,-0.4691,0.4826,-0.0175,0.2749,0.6228,-0.4132,-0.1362,-0.8135,0.38,-0.0402,-0.0401,0.1561,-0.6005,-0.2122,0.3718,-0.4525,0.3527,-1.4176,2.1755,0.8932,-0.8291,-3.6785,-6.0567,6.3834,4.0,4.7987,1.6127,4.7944,-8.6001,-2.1021,3.6243,4.9184,0.9498,-10.6387,3.8741,1.4476,4.4783,2.5698,3.0626,-0.1256,1.947,-8.6066,-2.5838,-0.6469,0.5267,4.1006,2.5487,3.1533,-1.0,-1.0,-1.0,-1.0,-1.0,-1.0,-1.0,-1.0,-1.0,-1.0,8.695719030494725,-1.0,-1.0,-1.0,-1.0,-1.0,8.115512816179931,-1.0,-1.0,-1.0,-1.0,-1.0,-1.0,-1.0,-1.0,-1.0,-1.0,-1.0,-1.0,-1.0,-1.0,-1.0,-1.0,-1.0,-1.0,-1.0,-1.0,-1.0,-1.0,-1.0,-1.0,-1.0,-1.0,-1.0,-1.0,-1.0,-1.0,-1.0,-1.0,-1.0,-1.0,-1.0,-1.0,-1.0,-1.0,-1.0,-1.0,-1.0,-1.0,-1.0,-1.0,-1.0,-1.0,3.5118969014751498,6.798272153100405,2.139771924057479
101,0.202,0.3146370284954611,0.12933457385816238,1.2462256796606965,3.5118969014751498,6.798272153100405,0.17777192405747888,0.05367774381488562,0.2846,-0.0073,0.9146,0.9124,-0.1353,-0.3628,0.1324,-0.4142,-1.3791,2.7572,1.1438,-0.4173,0.0412,-0.2796,0.6639,-0.0057,0.9195,-0.2157,-0.0366,-0.4924,0.4909,-0.0148,0.2843,0.6278,-0.407,-0.1367,-0.809,0.3618,-0.0458,-0.0402,0.1569,-0.5917,-0.2064,0.3787,-0.4452,0.3344,-1.4427,2.0789,0.9251,-0.352,-2.3871,-5.3641,4.2578,4.916,4.9757,1.5067,4.7123,-8.2338,-1.7293,2.3382,5.174,0.9773,-11.6649,4.1381,1.375,4.6933,2.4831,3.0862,-0.2566,2.2544,-9.1058,-2.8043,-0.0457,0.4393,4.3897,2.9088,3.4417,-1.0,-1.0,-1.0,-1.0,-1.0,-1.0,-1.0,-1.0,-1.0,-1.0,8.007449205121642,-1.0,-1.0,-1.0,-1.0,-1.0,7.46862263917399,-1.0,-1.0,-1.0,-1.0,-1.0,-1.0,-1.0,-1.0,-1.0,-1.0,-1.0,-1.0,-1.0,-1.0,-1.0,-1.0,-1.0,-1.0,-1.0,-1.0,-1.0,-1.0,-1.0,-1.0,-1.0,-1.0,-1.0,-1.0,-1.0,-1.0,-1.0,-1.0,-1.0,-1.0,-1.0,-1.0,-1.0,-1.0,-1.0,-1.0,-1.0,-1.0,-1.0,-1.0,-1.0,-1.0,3.5118969014751498,6.798272153100405,2.139771924057479
102,0.204,0.32166082229841136,0.14293111816436332,1.2465616035088118,3.5118969014751498,6.798272153100405,0.1581519240574789,0.05367774381488562,0.2837,-0.0066,0.9116,0.913,-0.1336,-0.3617,0.1331,-0.4166,-1.3886,2.7618,1.1555,-0.407,0.044,-0.2704,0.6479,-0.0085,0.9219,-0.2049,-0.0346,-0.5178,0.4997,-0.0122,0.2941,0.6326,-0.4009,-0.1375,-0.8039,0.3426,-0.0518,-0.0391,0.1577,-0.5824,-0.1998,0.3861,-0.4407,0.3162,-1.4709,1.98,0.9781,0.1054,-1.2083,-4.727,2.2825,5.8797,5.1291,1.4029,4.6279,-7.9649,-1.3658,1.1881,5.406,0.9999,-12.6626,4.4032,1.2964,4.9043,2.3989,3.0805,-0.3719,2.5537,-9.6132,-3.0031,0.559,0.3705,4.6734,3.2549,3.7228,-1.0,-1.0,-1.0,-1.0,-1.0,-1.0,-1.0,-1.0,-1.0,-1.0,7.358155646639529,-1.0,-1.0,-1.0,-1.0,-1.0,6.868540144170706,-1.0,-1.0,-1.0,-1.0,-1.0,-1.0,-1.0,-1.0,-1.0,-1.0,-1.0,-1.0,-1.0,-1.0,-1.0,-1.0,-1.0,-1.0,-1.0,-1.0,-1.0,-1.0,-1.0,-1.0,-1.0,-1.0,-1.0,-1.0,-1.0,-1.0,-1.0,-1.0,-1.0,-1.0,-1.0,-1.0,-1.0,-1.0,-1.0,-1.0,-1.0,-1.0,-1.0,-1.0,-1.0,-1.0,3.5118969014751498,6.798272153100405,2.139771924057479
103,0.206,0.32868461610136174,0.15652766247056404,1.2468582873569267,3.5118969014751498,6.798272153100405,0.13853192405747894,0.05367774381488562,0.2829,-0.006,0.9086,0.9136,-0.1322,-0.3604,0.1341,-0.4169,-1.3968,2.7627,1.1693,-0.3965,0.0466,-0.2613,0.6324,-0.0105,0.9222,-0.1937,-0.0325,-0.545,0.5091,-0.0098,0.3043,0.6372,-0.3948,-0.1384,-0.7982,0.3223,-0.0581,-0.0367,0.1583,-0.5725,-0.1927,0.3941,-0.4389,0.2985,-1.5022,1.8801,1.0503,0.5431,-0.1423,-4.1356,0.4533,6.8747,5.261,1.3009,4.5421,-7.7852,-1.015,0.1603,5.6157,1.0181,-13.6312,4.6691,1.2119,5.1109,2.318,3.0497,-0.4743,2.8454,-10.1282,-3.1789,1.1669,0.3203,4.9517,3.59,3.9969,-1.0,-1.0,-1.0,-1.0,-1.0,-1.0,-1.0,-1.0,-1.0,-1.0,6.7666202680532175,-1.0,-1.0,-1.0,-1.0,-1.0,-1.0,-1.0,-1.0,-1.0,-1.0,-1.0,-1.0,-1.0,-1.0,-1.0,-1.0,-1.0,-1.0,-1.0,-1.0,-1.0,-1.0,-1.0,-1.0,-1.0,-1.0,-1.0,-1.0,-1.0,-1.0,-1.0,-1.0,-1.0,-1.0,-1.0,-1.0,-1.0,-1.0,-1.0,-1.0,-1.0,-1.0,-1.0,-1.0,-1.0,-1.0,-1.0,-1.0,-1.0,-1.0,-1.0,-1.0,3.5118969014751498,6.798272153100405,2.139771924057479
104,0.208,0.335708409904312,0.17012420677676499,1.2471157312050416,3.5118969014751498,6.798272153100405,0.11891192405747875,0.05367774381488562,0.282,-0.0055,0.9056,0.9141,-0.131,-0.3591,0.1352,-0.4149,-1.4044,2.7606,1.1821,-0.3856,0.049,-0.2526,0.6158,-0.0124,0.9247,-0.1823,-0.0302,-0.5736,0.519,-0.0075,0.315,0.6417,-0.3887,-0.1396,-0.7919,0.3009,-0.0648,-0.0332,0.1589,-0.562,-0.1848,0.4026,-0.4406,0.2686,-1.5386,1.7231,1.0925,0.636,0.9569,-3.7928,-1.0093,6.4239,5.4679,1.2045,4.3587,-8.2895,-0.9293,1.2424,5.6936,1.1767,-14.311,4.9658,1.1303,5.3258,2.2377,3.0159,-0.5866,3.1295,-10.7099,-3.3067,1.7905,0.3118,5.2244,3.9189,4.2647,-1.0,-1.0,-1.0,-1.0,-1.0,-1.0,-1.0,-1.0,-1.0,-1.0,-1.0,-1.0,-1.0,-1.0,-1.0,-1.0,-1.0,-1.0,-1.0,-1.0,-1.0,-1.0,-1.0,-1.0,-1.0,-1.0,-1.0,-1.0,-1.0,-1.0,-1.0,-1.0,-1.0,-1.0,-1.0,-1.0,-1.0,-1.0,-1.0,-1.0,-1.0,-1.0,-1.0,-1.0,-1.0,-1.0,-1.0,-1.0,-1.0,-1.0,-1.0,-1.0,-1.0,-1.0,-1.0,-1.0,-1.0,-1.0,-1.0,-1.0,-1.0,-1.0,-1.0,3.5118969014751498,6.798272153100405,2.139771924057479
105,0.21,0.3427322037072624,0.1837207510829657,1.2473339350531567,3.5118969014751498,6.798272153100405,0.099291924057479,0.05367774381488562,0.2811,-0.005,0.9024,0.9146,-0.13,-0.3577,0.1362,-0.411,-1.4115,2.7561,1.1936,-0.3742,0.0513,-0.2442,0.5979,-0.0141,0.9302,-0.1708,-0.0275,-0.6035,0.5295,-0.0054,0.3261,0.6461,-0.3828,-0.141,-0.7851,0.2783,-0.0715,-0.0283,0.1596,-0.5511,-0.1763,0.4117,-0.4438,0.2372,-1.5776,1.5664,1.1369,0.6602,1.9542,-3.541,-2.2797,5.7095,5.6644,1.1104,4.1773,-8.952,-0.8859,2.7633,5.732,1.3228,-14.9221,5.2688,1.0482,5.5336,2.1692,2.9615,-0.6947,3.4062,-11.3028,-3.3981,2.4178,0.3216,5.4918,4.2433,4.5259,-1.0,-1.0,-1.0,-1.0,-1.0,-1.0,-1.0,-1.0,-1.0,-1.0,-1.0,-1.0,-1.0,-1.0,-1.0,-1.0,-1.0,-1.0,-1.0,-1.0,-1.0,-1.0,-1.0,-1.0,-1.0,-1.0,-1.0,-1.0,-1.0,-1.0,-1.0,-1.0,-1.0,-1.0,-1.0,-1.0,-1.0,-1.0,-1.0,-1.0,-1.0,-1.0,-1.0,-1.0,-1.0,-1.0,-1.0,-1.0,-1.0,-1.0,-1.0,-1.0,-1.0,-1.0,-1.0,-1.0,-1.0,-1.0,-1.0,-1.0,-1.0,-1.0,-1.0,3.5118969014751498,6.798272153100405,2.139771924057479
106,0.212,0.3497559975102125,0.19731729538916642,1.2475128989012716,3.5118969014751498,6.798272153100405,0.07967192405747925,0.05367774381488562,0.2802,-0.0046,0.8992,0.9151,-0.1291,-0.3563,0.1373,-0.4054,-1.4179,2.749,1.2042,-0.3626,0.0533,-0.2362,0.5791,-0.0156,0.9375,-0.1592,-0.0246,-0.6347,0.5407,-0.0035,0.3375,0.6503,-0.3769,-0.1426,-0.7778,0.2545,-0.0785,-0.0222,0.1603,-0.5396,-0.1672,0.4212,-0.4436,0.2085,-1.6169,1.4122,1.18,0.7761,2.836,-3.1926,-3.5396,5.3387,5.8212,1.0148,4.0261,-9.41,-0.7601,3.6483,5.7871,1.4606,-15.5928,5.572,0.9622,5.7326,2.1114,2.9287,-0.7752,3.6758,-11.8786,-3.4659,3.044,0.345,5.7544,4.5633,4.7804,-1.0,-1.0,-1.0,-1.0,-1.0,-1.0,-1.0,-1.0,-1.0,-1.0,-1.0,-1.0,-1.0,-1.0,-1.0,-1.0,-1.0,-1.0,-1.0,-1.0,-1.0,-1.0,-1.0,-1.0,-1.0,-1.0,-1.0,-1.0,-1.0,-1.0,-1.0,-1.0,-1.0,-1.0,-1.0,-1.0,-1.0,-1.0,-1.0,-1.0,-1.0,-1.0,-1.0,-1.0,-1.0,-1.0,-1.0,-1.0,-1.0,-1.0,-1.0,-1.0,-1.0,-1.0,-1.0,-1.0,-1.0,-1.0,-1.0,-1.0,-1.0,-1.0,-1.0,3.5118969014751498,6.798272153100405,2.139771924057479
107,0.214,0.3567797913131628,0.21091383969536714,1.2476526227493865,3.5118969014751498,6.798272153100405,0.060051924057479056,0.05367774381488562,0.2793,-0.0042,0.8959,0.9156,-0.1285,-0.3549,0.1386,-0.3982,-1.4231,2.7391,1.2158,-0.3508,0.0551,-0.2283,0.5603,-0.0166,0.9438,-0.1474,-0.0214,-0.6675,0.5524,-0.0017,0.3494,0.6544,-0.371,-0.1442,-0.7699,0.2297,-0.0855,-0.015,0.161,-0.5275,-0.1575,0.4313,-0.437,0.1861,-1.6548,1.2626,1.2194,1.1035,3.5955,-2.6074,-4.9306,5.791,5.9159,0.9141,3.9168,-9.4002,-0.4714,3.1301,5.8976,1.5934,-16.4196,5.8674,0.8696,5.9213,2.0629,2.9555,-0.8094,3.9383,-12.418,-3.4959,3.6457,0.3779,6.0123,4.8793,5.0281,-1.0,-1.0,-1.0,-1.0,-1.0,-1.0,-1.0,-1.0,-1.0,-1.0,-1.0,-1.0,-1.0,-1.0,-1.0,-1.0,-1.0,-1.0,-1.0,-1.0,-1.0,-1.0,-1.0,-1.0,-1.0,-1.0,-1.0,-1.0,-1.0,-1.0,-1.0,-1.0,-1.0,-1.0,-1.0,-1.0,-1.0,-1.0,-1.0,-1.0,-1.0,-1.0,-1.0,-1.0,-1.0,-1.0,-1.0,-1.0,-1.0,-1.0,-1.0,-1.0,-1.0,-1.0,-1.0,-1.0,-1.0,-1.0,-1.0,-1.0,-1.0,-1.0,-1.0,3.5118969014751498,6.798272153100405,2.139771924057479
108,0.216,0.36380358511611316,0.2245103840015681,1.2477531065975014,3.5118969014751498,6.798272153100405,0.04043192405747886,0.05367774381488562,0.2785,-0.0039,0.8925,0.9159,-0.1283,-0.3534,0.1404,-0.3899,-1.4271,2.7262,1.2291,-0.3389,0.0567,-0.2205,0.5423,-0.0155,0.9529,-0.1381,-0.0167,-0.7025,0.5647,-0.0001,0.3616,0.6589,-0.365,-0.1458,-0.7615,0.204,-0.0924,-0.0065,0.1619,-0.515,-0.1471,0.4418,-0.4179,0.161,-1.6668,1.1097,1.2175,1.7475,4.1433,-1.988,-6.4496,6.6273,5.9512,0.8111,3.9388,-8.9632,0.544,4.5757,4.6921,2.3833,-17.4876,6.1314,0.8054,6.1009,2.2435,3.036,-0.8092,4.1939,-12.8622,-3.4675,4.2002,0.4318,6.2655,5.1919,5.2693,-1.0,-1.0,-1.0,-1.0,-1.0,-1.0,-1.0,-1.0,-1.0,-1.0,-1.0,-1.0,-1.0,-1.0,-1.0,-1.0,-1.0,-1.0,-1.0,-1.0,-1.0,-1.0,-1.0,-1.0,-1.0,-1.0,-1.0,-1.0,-1.0,-1.0,-1.0,-1.0,-1.0,-1.0,-1.0,-1.0,-1.0,-1.0,-1.0,-1.0,-1.0,-1.0,-1.0,-1.0,-1.0,-1.0,-1.0,-1.0,-1.0,-1.0,-1.0,-1.0,-1.0,-1.0,-1.0,-1.0,-1.0,-1.0,-1.0,-1.0,-1.0,-1.0,-1.0,3.5118969014751498,6.798272153100405,2.139771924057479
109,0.218,0.3708273789190634,0.2381069283077688,1.2478143504456165,3.5118969014751498,6.798272153100405,0.020811924057479114,0.05367774381488562,0.2777,-0.0036,0.8892,0.9161,-0.1284,-0.3518,0.1429,-0.3808,-1.4301,2.7105,1.2442,-0.327,0.0582,-0.2125,0.5255,-0.0124,0.9639,-0.1309,-0.0108,-0.7397,0.5774,0.0014,0.3741,0.6641,-0.3586,-0.1474,-0.7526,0.1774,-0.0992,0.0028,0.1629,-0.502,-0.1361,0.4528,-0.4016,0.1426,-1.6713,1.0004,1.2334,2.4565,4.5578,-1.5354,-7.8734,7.5382,5.9431,0.7086,3.9609,-8.4094,1.5339,5.4972,3.5788,2.9418,-18.5857,6.3508,0.7452,6.2653,2.5878,3.1665,-0.785,4.4428,-13.2743,-3.3818,4.6708,0.4921,6.5139,5.5,5.5041,-1.0,-1.0,-1.0,-1.0,-1.0,-1.0,-1.0,-1.0,-1.0,-1.0,-1.0,-1.0,-1.0,-1.0,-1.0,-1.0,-1.0,-1.0,-1.0,-1.0,-1.0,-1.0,-1.0,-1.0,-1.0,-1.0,-1.0,-1.0,-1.0,-1.0,-1.0,-1.0,-1.0,-1.0,-1.0,-1.0,-1.0,-1.0,-1.0,-1.0,-1.0,-1.0,-1.0,-1.0,-1.0,-1.0,-1.0,-1.0,-1.0,-1.0,-1.0,-1.0,-1.0,-1.0,-1.0,-1.0,-1.0,-1.0,-1.0,-1.0,-1.0,-1.0,-1.0,3.5118969014751498,6.798272153100405,2.139771924057479
110,0.22,0.3778511727220138,0.2517034726139695,1.2478363542937312,3.5118969014751498,6.798272153100405,0.0011919240574789214,0.05367774381488562,0.2769,-0.0033,0.8858,0.9162,-0.1288,-0.3502,0.1459,-0.3706,-1.4323,2.6921,1.2613,-0.3151,0.0594,-0.2061,0.5094,-0.0091,0.9769,-0.126,-0.0041,-0.7788,0.5905,0.0027,0.3869,0.67,-0.3519,-0.1488,-0.7432,0.15,-0.1059,0.0129,0.164,-0.4885,-0.1245,0.4643,-0.3822,0.1445,-1.6746,0.947,1.2073,3.0793,5.0608,-1.0615,-9.2221,8.5954,5.9194,0.6032,3.201,-8.0586,1.6479,6.4661,2.4701,3.3595,-19.5814,6.5458,0.6524,6.4078,2.9589,3.3773,-0.7416,4.6855,-13.6914,-3.3578,5.066,0.5424,6.7577,5.8016,5.7336,-1.0,-1.0,-1.0,-1.0,-1.0,-1.0,-1.0,-1.0,-1.0,-1.0,-1.0,-1.0,-1.0,-1.0,-1.0,-1.0,-1.0,-1.0,-1.0,-1.0,-1.0,-1.0,-1.0,-1.0,-1.0,-1.0,-1.0,-1.0,-1.0,-1.0,-1.0,-1.0,-1.0,-1.0,-1.0,-1.0,-1.0,-1.0,-1.0,-1.0,-1.0,-1.0,-1.0,-1.0,-1.0,-1.0,-1.0,-1.0,-1.0,-1.0,-1.0,-1.0,-1.0,-1.0,-1.0,-1.0,-1.0,-1.0,-1.0,-1.0,-1.0,-1.0,-1.0,3.5118969014751498,6.798272153100405,2.139771924057479
111,0.222,0.38487496652496406,0.26530001692017047,1.2478191181418463,3.5118969014751498,6.798272153100405,-0.01842807594252127,0.05367774381488562,0.2762,-0.003,0.8825,0.9162,-0.1294,-0.3485,0.1494,-0.3596,-1.4336,2.6712,1.2805,-0.3034,0.0604,-0.2017,0.4939,-0.0062,0.9914,-0.123,0.0033,-0.8198,0.6039,0.0038,0.4,0.6767,-0.3446,-0.1502,-0.7334,0.1218,-0.1125,0.0237,0.1652,-0.4745,-0.1123,0.4762,-0.3633,0.1551,-1.6777,0.9255,1.1725,3.6438,5.528,-0.6605,-10.4323,9.5577,5.8878,0.4982,2.2416,-7.7734,1.4675,7.2721,1.4972,3.6838,-20.5029,6.7204,0.5474,6.5359,3.3527,3.6249,-0.6913,4.9222,-14.111,-3.3049,5.3806,0.5945,6.9969,6.0917,5.9304,-1.0,-1.0,-1.0,-1.0,-1.0,-1.0,-1.0,-1.0,-1.0,-1.0,-1.0,-1.0,-1.0,-1.0,-1.0,-1.0,-1.0,-1.0,-1.0,-1.0,-1.0,-1.0,-1.0,-1.0,-1.0,-1.0,-1.0,-1.0,-1.0,-1.0,-1.0,-1.0,-1.0,-1.0,-1.0,-1.0,-1.0,-1.0,-1.0,-1.0,-1.0,-1.0,-1.0,-1.0,-1.0,-1.0,-1.0,-1.0,-1.0,-1.0,-1.0,-1.0,-1.0,-1.0,-1.0,-1.0,-1.0,-1.0,-1.0,-1.0,-1.0,-1.0,-1.0,3.5118969014751498,6.798272153100405,2.139771924057479
112,0.224,0.3918987603279143,0.2788965612263712,1.2477626419899612,3.5118969014751498,6.798272153100405,-0.03804807594252102,0.05367774381488562,0.2755,-0.0027,0.8791,0.9161,-0.1302,-0.3468,0.1534,-0.3477,-1.4343,2.6481,1.3012,-0.2916,0.0612,-0.1992,0.4788,-0.0039,1.0072,-0.1216,0.0112,-0.8626,0.6177,0.0046,0.4133,0.6842,-0.3368,-0.1515,-0.7231,0.0927,-0.119,0.0351,0.1665,-0.46,-0.0996,0.4882,-0.3454,0.1707,-1.6809,0.9246,1.1371,4.1656,5.949,-0.3375,-11.5279,10.3807,5.8549,0.3943,1.2429,-7.507,1.1668,7.8818,0.6677,3.9276,-21.3647,6.883,0.4331,6.6538,3.7356,3.9269,-0.6205,5.1532,-14.5303,-3.2378,5.6846,0.6527,7.2319,6.3689,6.035,-1.0,-1.0,-1.0,-1.0,-1.0,-1.0,-1.0,-1.0,-1.0,-1.0,-1.0,-1.0,-1.0,-1.0,-1.0,-1.0,-1.0,-1.0,-1.0,-1.0,-1.0,-1.0,-1.0,-1.0,-1.0,-1.0,-1.0,-1.0,-1.0,-1.0,-1.0,-1.0,-1.0,-1.0,-1.0,-1.0,-1.0,-1.0,-1.0,-1.0,-1.0,-1.0,-1.0,-1.0,-1.0,-1.0,-1.0,-1.0,-1.0,-1.0,-1.0,-1.0,-1.0,-1.0,-1.0,-1.0,-1.0,-1.0,-1.0,-1.0,-1.0,-1.0,-1.0,3.5118969014751498,6.798272153100405,2.139771924057479
113,0.226,0.3989225541308647,0.29249310553257213,1.2476669258380761,3.5118969014751498,6.798272153100405,-0.05766807594252121,0.05367774381488562,0.2748,-0.0023,0.8757,0.9159,-0.1311,-0.345,0.1578,-0.3351,-1.4344,2.6231,1.3233,-0.28,0.0617,-0.1984,0.4644,-0.002,1.0236,-0.1217,0.0194,-0.9069,0.6317,0.0052,0.4268,0.6923,-0.3283,-0.1525,-0.7123,0.0629,-0.1253,0.0471,0.1679,-0.4451,-0.0864,0.5003,-0.3285,0.1872,-1.6838,0.9291,1.1085,4.6701,6.3043,-0.0935,-12.5362,11.0185,5.8273,0.2919,0.374,-7.2016,0.9355,8.2346,-0.0067,4.1015,-22.1893,7.0432,0.3128,6.7658,4.0776,4.2263,-0.5176,5.3785,-14.9433,-3.1706,6.0436,0.7241,7.4628,6.5793,6.0248,-1.0,-1.0,-1.0,-1.0,-1.0,-1.0,-1.0,-1.0,-1.0,-1.0,-1.0,-1.0,-1.0,-1.0,-1.0,-1.0,-1.0,-1.0,-1.0,-1.0,-1.0,-1.0,-1.0,-1.0,-1.0,-1.0,-1.0,-1.0,-1.0,-1.0,-1.0,-1.0,-1.0,-1.0,-1.0,-1.0,-1.0,-1.0,-1.0,-1.0,-1.0,-1.0,-1.0,-1.0,-1.0,-1.0,-1.0,-1.0,-1.0,-1.0,-1.0,-1.0,-1.0,-1.0,-1.0,-1.0,-1.0,-1.0,-1.0,-1.0,-1.0,-1.0,-1.0,3.5118969014751498,6.798272153100405,2.139771924057479
114,0.228,0.40594634793381495,0.30608964983877285,1.247531969686191,3.5118969014751498,6.798272153100405,-0.07728807594252096,0.05367774381488562,0.2742,-0.0019,0.8724,0.9156,-0.1322,-0.3432,0.1627,-0.3219,-1.4343,2.5962,1.3462,-0.2684,0.0621,-0.1991,0.4507,-0.0005,1.0404,-0.1228,0.0278,-0.9528,0.6461,0.0056,0.4406,0.7011,-0.3193,-0.1533,-0.7011,0.0322,-0.1315,0.06,0.1695,-0.4297,-0.0729,0.5121,-0.3126,0.2044,-1.686,0.9385,1.086,5.139,6.6126,0.074,-13.4535,11.4772,5.8049,0.1913,-0.3584,-6.8672,0.7682,8.3814,-0.5557,4.2198,-22.936,7.1888,0.1935,6.8732,4.3789,4.5204,-0.3875,5.5983,-15.3354,-3.1059,6.4443,0.8056,7.6732,6.7241,5.9129,-1.0,-1.0,-1.0,-1.0,-1.0,-1.0,-1.0,-1.0,-1.0,-1.0,-1.0,-1.0,-1.0,-1.0,-1.0,-1.0,-1.0,-1.0,-1.0,-1.0,-1.0,-1.0,-1.0,-1.0,-1.0,-1.0,-1.0,-1.0,-1.0,-1.0,-1.0,-1.0,-1.0,-1.0,-1.0,-1.0,-1.0,-1.0,-1.0,-1.0,-1.0,-1.0,-1.0,-1.0,-1.0,-1.0,-1.0,-1.0,-1.0,-1.0,-1.0,-1.0,-1.0,-1.0,-1.0,-1.0,-1.0,-1.0,-1.0,-1.0,-1.0,-1.0,-1.0,3.5118969014751498,6.798272153100405,2.139771924057479
115,0.23,0.41297014173676533,0.3196861941449738,1.2473577735343062,3.5118969014751498,6.798272153100405,-0.09690807594252115,0.05367774381488562,0.2736,-0.0015,0.869,0.9151,-0.1334,-0.3413,0.1679,-0.308,-1.434,2.5676,1.3697,-0.2568,0.0623,-0.201,0.4377,0.0008,1.0572,-0.1248,0.0364,-0.9998,0.6607,0.0058,0.4545,0.7103,-0.3097,-0.1537,-0.6895,0.0008,-0.1376,0.0738,0.1713,-0.4142,-0.0593,0.5235,-0.2979,0.2225,-1.6867,0.9522,1.0692,5.5245,6.9193,0.1654,-14.2661,11.7592,5.7873,0.0925,-0.9276,-6.5203,0.6539,8.3754,-1.0048,4.294,-23.5063,7.2935,0.0904,6.9777,4.6337,4.8094,-0.2345,5.8127,-15.6751,-3.0543,6.8711,0.8894,7.7876,6.8155,5.7075,-1.0,-1.0,-1.0,-1.0,-1.0,-1.0,-1.0,-1.0,-1.0,-1.0,-1.0,-1.0,-1.0,-1.0,-1.0,-1.0,-1.0,-1.0,-1.0,-1.0,-1.0,-1.0,-1.0,-1.0,-1.0,-1.0,-1.0,-1.0,-1.0,-1.0,-1.0,-1.0,-1.0,-1.0,-1.0,-1.0,-1.0,-1.0,-1.0,-1.0,-1.0,-1.0,-1.0,-1.0,-1.0,-1.0,-1.0,-1.0,-1.0,-1.0,-1.0,-1.0,-1.0,-1.0,-1.0,-1.0,-1.0,-1.0,-1.0,-1.0,-1.0,-1.0,-1.0,3.5118969014751498,6.798272153100405,2.139771924057479
116,0.232,0.4199939355397156,0.3332827384511745,1.2471443373824211,3.5118969014751498,6.798272153100405,-0.11652807594252135,0.05367774381488562,0.273,-0.001,0.8656,0.9146,-0.1347,-0.3394,0.1734,-0.2937,-1.4338,2.5377,1.3925,-0.2452,0.0623,-0.2026,0.4255,0.0031,1.0733,-0.1272,0.0449,-1.0476,0.6755,0.0059,0.4687,0.7199,-0.2995,-0.1539,-0.6775,-0.031,-0.1433,0.0883,0.1733,-0.3985,-0.0456,0.5343,-0.2871,0.2226,-1.6844,0.915,1.0751,5.8102,7.1602,0.1041,-14.9378,11.3983,5.8092,-0.002,-0.8035,-6.0859,1.1153,8.0765,-1.2052,4.2739,-23.8848,7.3921,0.0283,7.0928,4.7804,5.0935,-0.0575,6.0221,-15.9403,-2.8151,7.2655,1.0018,7.8337,6.8768,5.3745,-1.0,-1.0,-1.0,-1.0,-1.0,-1.0,-1.0,-1.0,-1.0,-1.0,-1.0,-1.0,-1.0,-1.0,-1.0,-1.0,-1.0,-1.0,-1.0,-1.0,-1.0,-1.0,-1.0,-1.0,-1.0,-1.0,-1.0,-1.0,-1.0,-1.0,-1.0,-1.0,-1.0,-1.0,-1.0,-1.0,-1.0,-1.0,-1.0,-1.0,-1.0,-1.0,-1.0,-1.0,-1.0,-1.0,-1.0,-1.0,-1.0,-1.0,-1.0,-1.0,-1.0,-1.0,-1.0,-1.0,-1.0,-1.0,-1.0,-1.0,-1.0,-1.0,-1.0,3.5118969014751498,6.798272153100405,2.139771924057479
117,0.234,0.42701772934266585,0.34687928275737545,1.246891661230536,3.5118969014751498,6.798272153100405,-0.1361480759425211,0.05367774381488562,0.2725,-0.0006,0.8623,0.9141,-0.1362,-0.3375,0.1791,-0.2789,-1.4338,2.5067,1.4144,-0.2335,0.0621,-0.2041,0.4141,0.006,1.0888,-0.13,0.0534,-1.0958,0.6904,0.0058,0.4831,0.7297,-0.2887,-0.1536,-0.665,-0.0633,-0.1486,0.1037,0.1755,-0.3829,-0.0317,0.5442,-0.2758,0.2277,-1.6789,0.8915,1.0766,6.0257,7.4173,-0.0147,-15.511,10.9387,5.8279,-0.0943,-0.741,-5.6735,1.4395,7.7398,-1.3877,4.2399,-24.11,7.4456,-0.0212,7.2063,4.9162,5.3726,0.1259,6.2263,-16.1512,-2.6537,7.674,1.1033,7.7984,6.9117,4.9668,-1.0,-1.0,-1.0,-1.0,-1.0,-1.0,-1.0,-1.0,-1.0,-1.0,-1.0,-1.0,-1.0,-1.0,-1.0,-1.0,-1.0,-1.0,-1.0,-1.0,-1.0,-1.0,-1.0,-1.0,-1.0,-1.0,-1.0,-1.0,-1.0,-1.0,-1.0,-1.0,-1.0,-1.0,-1.0,-1.0,-1.0,-1.0,-1.0,-1.0,-1.0,-1.0,-1.0,-1.0,-1.0,-1.0,-1.0,-1.0,-1.0,-1.0,-1.0,-1.0,-1.0,-1.0,-1.0,-1.0,-1.0,-1.0,-1.0,-1.0,-1.0,-1.0,-1.0,3.5118969014751498,6.798272153100405,2.139771924057479
118,0.236,0.4340415231456162,0.36047582706357617,1.246599745078651,3.5118969014751498,6.798272153100405,-0.1557680759425213,0.05367774381488562,0.272,-0.0001,0.8589,0.9134,-0.1376,-0.3355,0.1849,-0.2635,-1.4341,2.4748,1.4352,-0.2218,0.0617,-0.2054,0.4036,0.0094,1.1035,-0.133,0.0618,-1.1441,0.7053,0.0057,0.4978,0.7398,-0.2774,-0.153,-0.6522,-0.0959,-0.1537,0.1197,0.1779,-0.3675,-0.0179,0.5532,-0.2646,0.2356,-1.6713,0.8743,1.0784,6.1563,7.6897,-0.1793,-15.9734,10.3979,5.8452,-0.1828,-0.65,-5.2804,1.7073,7.3667,-1.5412,4.1897,-24.1425,7.4477,-0.0452,7.3214,5.0108,5.6469,0.316,6.4256,-16.294,-2.5494,8.0368,1.1905,7.7093,6.9111,4.4901,-1.0,-1.0,-1.0,-1.0,-1.0,-1.0,-1.0,-1.0,-1.0,-1.0,-1.0,-1.0,-1.0,-1.0,-1.0,-1.0,-1.0,-1.0,-1.0,-1.0,-1.0,-1.0,-1.0,-1.0,-1.0,-1.0,-1.0,-1.0,-1.0,-1.0,-1.0,-1.0,-1.0,-1.0,-1.0,-1.0,-1.0,-1.0,-1.0,-1.0,-1.0,-1.0,-1.0,-1.0,-1.0,-1.0,-1.0,-1.0,-1.0,-1.0,-1.0,-1.0,-1.0,-1.0,-1.0,-1.0,-1.0,-1.0,-1.0,-1.0,-1.0,-1.0,-1.0,3.5118969014751498,6.798272153100405,2.139771924057479
119,0.238,0.4410653169485665,0.3740723713697771,1.246268588926766,3.5118969014751498,6.798272153100405,-0.17538807594252104,0.05367774381488562,0.2715,0.0004,0.8556,0.9127,-0.1391,-0.3335,0.1906,-0.2475,-1.4349,2.4422,1.4548,-0.2101,0.0612,-0.2063,0.3937,0.0133,1.1175,-0.1363,0.07,-1.192,0.7201,0.0057,0.5126,0.7499,-0.2656,-0.152,-0.6389,-0.1286,-0.1586,0.1363,0.1804,-0.3523,-0.0042,0.5612,-0.2547,0.244,-1.6628,0.8578,1.0846,6.1789,7.9808,-0.3833,-16.306,9.7789,5.8641,-0.2662,-0.4666,-4.9247,1.9675,6.9881,-1.6517,4.1165,-23.9431,7.3906,-0.0281,7.4413,5.0645,5.9163,0.512,6.6202,-16.3592,-2.4662,8.3008,1.2608,7.5875,6.8607,4.0164,-1.0,-1.0,-1.0,-1.0,-1.0,-1.0,-1.0,-1.0,-1.0,-1.0,-1.0,-1.0,-1.0,-1.0,-1.0,-1.0,-1.0,-1.0,-1.0,-1.0,-1.0,-1.0,-1.0,-1.0,-1.0,-1.0,-1.0,-1.0,-1.0,-1.0,-1.0,-1.0,-1.0,-1.0,-1.0,-1.0,-1.0,-1.0,-1.0,-1.0,-1.0,-1.0,-1.0,-1.0,-1.0,-1.0,-1.0,-1.0,-1.0,-1.0,-1.0,-1.0,-1.0,-1.0,-1.0,-1.0,-1.0,-1.0,-1.0,-1.0,-1.0,-1.0,-1.0,3.5118969014751498,6.798272153100405,2.139771924057479
120,0.24,0.44808911075151686,0.38766891567597783,1.245898192774881,3.5118969014751498,6.798272153100405,-0.19500807594252123,0.05367774381488562,0.271,0.0009,0.8523,0.912,-0.1406,-0.3314,0.1963,-0.2309,-1.4362,2.4091,1.4729,-0.1983,0.0605,-0.2068,0.3845,0.0177,1.1307,-0.1398,0.0781,-1.239,0.7346,0.0057,0.5278,0.7601,-0.2532,-0.1505,-0.6253,-0.1614,-0.1634,0.1533,0.183,-0.3374,0.0093,0.5683,-0.246,0.2526,-1.653,0.8418,1.0931,6.0994,8.2922,-0.6284,-16.5118,9.0819,5.8849,-0.3444,-0.2157,-4.6055,2.2063,6.6156,-1.7296,4.025,-23.529,7.2753,0.0324,7.5679,5.1005,6.1809,0.7121,6.8101,-16.3529,-2.4064,8.4726,1.312,7.4375,6.7607,3.554,-1.0,-1.0,-1.0,-1.0,-1.0,-1.0,-1.0,-1.0,-1.0,-1.0,-1.0,-1.0,-1.0,-1.0,-1.0,-1.0,-1.0,-1.0,-1.0,-1.0,-1.0,-1.0,-1.0,-1.0,-1.0,-1.0,-1.0,-1.0,-1.0,-1.0,-1.0,-1.0,-1.0,-1.0,-1.0,-1.0,-1.0,-1.0,-1.0,-1.0,-1.0,-1.0,-1.0,-1.0,-1.0,-1.0,-1.0,-1.0,-1.0,-1.0,-1.0,-1.0,-1.0,-1.0,-1.0,-1.0,-1.0,-1.0,-1.0,-1.0,-1.0,-1.0,-1.0,3.5118969014751498,6.798272153100405,2.139771924057479
121,0.242,0.455112904554467,0.40126545998217855,1.245488556622996,3.5118969014751498,6.798272153100405,-0.21462807594252098,0.05367774381488562,0.2705,0.0014,0.849,0.9114,-0.142,-0.3295,0.2018,-0.2144,-1.4366,2.3761,1.4902,-0.1934,0.0604,-0.2064,0.3759,0.0225,1.1433,-0.1435,0.0859,-1.2847,0.7489,0.006,0.5432,0.7704,-0.2404,-0.1487,-0.6113,-0.1938,-0.1681,0.1704,0.1857,-0.3229,0.0226,0.5745,-0.2346,0.2478,-1.6289,0.834,1.0979,5.8237,8.2791,-0.2327,-16.539,8.6546,2.473,-0.082,0.1726,-4.3326,2.4037,6.2703,-1.8276,3.9003,-22.827,7.1332,0.1447,7.6995,5.1391,6.4405,0.9162,6.9956,-16.2399,-2.3501,8.5589,1.3284,7.2631,6.6163,3.1027,-1.0,-1.0,-1.0,-1.0,-1.0,-1.0,-1.0,-1.0,-1.0,-1.0,-1.0,-1.0,-1.0,-1.0,-1.0,-1.0,-1.0,-1.0,-1.0,-1.0,-1.0,-1.0,-1.0,-1.0,-1.0,-1.0,-1.0,-1.0,-1.0,-1.0,-1.0,-1.0,-1.0,-1.0,-1.0,-1.0,-1.0,-1.0,-1.0,-1.0,-1.0,-1.0,-1.0,-1.0,-1.0,-1.0,-1.0,-1.0,-1.0,-1.0,-1.0,-1.0,-1.0,-1.0,-1.0,-1.0,-1.0,-1.0,-1.0,-1.0,-1.0,-1.0,-1.0,3.5118969014751498,6.798272153100405,2.139771924057479
122,0.244,0.4621366983574173,0.41486200428837927,1.2450396804711108,3.5118969014751498,6.798272153100405,-0.23424807594252117,0.05367774381488562,0.27,0.0019,0.8458,0.9107,-0.1432,-0.3275,0.2069,-0.1977,-1.4366,2.3431,1.5068,-0.1941,0.0606,-0.2052,0.3677,0.0276,1.1552,-0.1474,0.0934,-1.3286,0.7627,0.0066,0.5589,0.7807,-0.227,-0.1464,-0.597,-0.226,-0.1728,0.1875,0.1883,-0.3088,0.0354,0.5799,-0.2264,0.2463,-1.6025,0.838,1.1029,5.469,8.3284,0.0283,-16.4603,8.2694,-0.3477,0.1402,0.596,-4.1013,2.539,5.9557,-1.9555,3.7637,-21.9524,6.9327,0.2938,7.8383,5.1613,6.6954,1.1233,7.177,-16.0682,-2.3239,8.568,1.32,7.0684,6.433,2.6622,-1.0,-1.0,-1.0,-1.0,-1.0,-1.0,-1.0,-1.0,-1.0,-1.0,-1.0,-1.0,-1.0,-1.0,-1.0,-1.0,-1.0,-1.0,-1.0,-1.0,-1.0,-1.0,-1.0,-1.0,-1.0,-1.0,-1.0,-1.0,-1.0,-1.0,-1.0,-1.0,-1.0,-1.0,-1.0,-1.0,-1.0,-1.0,-1.0,-1.0,-1.0,-1.0,-1.0,-1.0,-1.0,-1.0,-1.0,-1.0,-1.0,-1.0,-1.0,-1.0,-1.0,-1.0,-1.0,-1.0,-1.0,-1.0,-1.0,-1.0,-1.0,-1.0,-1.0,3.5118969014751498,6.798272153100405,2.139771924057479
123,0.246,0.46916049216036765,0.4284585485945802,1.244551564319226,3.5118969014751498,6.798272153100405,-0.2538680759425209,0.05367774381488562,0.2696,0.0024,0.8427,0.9101,-0.1444,-0.3256,0.2117,-0.1811,-1.4363,2.3105,1.5226,-0.1995,0.0613,-0.2035,0.3599,0.0327,1.1665,-0.1516,0.1007,-1.371,0.7763,0.0075,0.5748,0.7911,-0.2131,-0.1437,-0.5823,-0.2578,-0.177,0.2043,0.191,-0.2949,0.048,0.5843,-0.2208,0.2465,-1.574,0.852,1.0961,5.1595,8.3329,0.1636,-16.3045,7.899,-2.7171,0.3445,0.8777,-3.8752,2.5709,5.6491,-2.1009,3.6255,-21.1967,6.7533,0.4162,7.9854,5.1941,6.945,1.3509,7.3547,-15.9272,-2.1,8.3994,1.327,6.9075,6.2733,2.2324,-1.0,-1.0,-1.0,-1.0,-1.0,-1.0,-1.0,-1.0,-1.0,-1.0,-1.0,-1.0,-1.0,-1.0,-1.0,-1.0,-1.0,-1.0,-1.0,-1.0,-1.0,-1.0,-1.0,-1.0,-1.0,-1.0,-1.0,-1.0,-1.0,-1.0,-1.0,-1.0,-1.0,-1.0,-1.0,-1.0,-1.0,-1.0,-1.0,-1.0,-1.0,-1.0,-1.0,-1.0,-1.0,-1.0,-1.0,-1.0,-1.0,-1.0,-1.0,-1.0,-1.0,-1.0,-1.0,-1.0,-1.0,-1.0,-1.0,-1.0,-1.0,-1.0,-1.0,3.5118969014751498,6.798272153100405,2.139771924057479
124,0.248,0.4761842859633179,0.44205509290078093,1.244024208167341,3.5118969014751498,6.798272153100405,-0.2734880759425211,0.05367774381488562,0.2692,0.0029,0.8396,0.9096,-0.1454,-0.3237,0.2162,-0.1643,-1.4359,2.2785,1.5376,-0.2089,0.0624,-0.2011,0.3526,0.0379,1.1772,-0.1561,0.1076,-1.4116,0.7893,0.0086,0.5911,0.8015,-0.1987,-0.1406,-0.5672,-0.2893,-0.1808,0.2207,0.1936,-0.2815,0.0602,0.5879,-0.2169,0.2491,-1.5439,0.8685,1.0895,4.7827,8.3729,0.1949,-16.0349,7.5265,-4.6763,0.518,1.1997,-3.6767,2.5691,5.3655,-2.2714,3.4784,-20.3035,6.5322,0.5545,8.1498,5.2005,7.1897,1.5702,7.5284,-15.7355,-1.9191,8.1673,1.3136,6.7271,6.0971,1.8135,-1.0,-1.0,-1.0,-1.0,-1.0,-1.0,-1.0,-1.0,-1.0,-1.0,-1.0,-1.0,-1.0,-1.0,-1.0,-1.0,-1.0,-1.0,-1.0,-1.0,-1.0,-1.0,-1.0,-1.0,-1.0,-1.0,-1.0,-1.0,-1.0,-1.0,-1.0,-1.0,-1.0,-1.0,-1.0,-1.0,-1.0,-1.0,-1.0,-1.0,-1.0,-1.0,-1.0,-1.0,-1.0,-1.0,-1.0,-1.0,-1.0,-1.0,-1.0,-1.0,-1.0,-1.0,-1.0,-1.0,-1.0,-1.0,-1.0,-1.0,-1.0,-1.0,-1.0,3.5118969014751498,6.798272153100405,2.139771924057479
125,0.25,0.4832080797662683,0.4556516372069819,1.243457612015456,3.5118969014751498,6.798272153100405,-0.29310807594252086,0.05367774381488562,0.2687,0.0034,0.8366,0.9091,-0.1462,-0.3219,0.2202,-0.1474,-1.4356,2.2472,1.5519,-0.2214,0.0637,-0.1979,0.3455,0.0429,1.1875,-0.1611,0.1143,-1.45,0.8018,0.01,0.6078,0.8118,-0.1838,-0.1371,-0.5518,-0.3202,-0.1844,0.2363,0.1962,-0.2684,0.072,0.5908,-0.2145,0.2544,-1.5123,0.8848,1.0812,4.2869,8.4747,0.1316,-15.6141,7.1318,-6.277,0.6611,1.5864,-3.5125,2.5176,5.1228,-2.4771,3.3238,-19.1779,6.2486,0.7267,8.3331,5.1681,7.4297,1.7775,7.6984,-15.4694,-1.806,7.8379,1.2688,6.5326,5.9022,1.4051,-1.0,-1.0,-1.0,-1.0,-1.0,-1.0,-1.0,-1.0,-1.0,-1.0,-1.0,-1.0,-1.0,-1.0,-1.0,-1.0,-1.0,-1.0,-1.0,-1.0,-1.0,-1.0,-1.0,-1.0,-1.0,-1.0,-1.0,-1.0,-1.0,-1.0,-1.0,-1.0,-1.0,-1.0,-1.0,-1.0,-1.0,-1.0,-1.0,-1.0,-1.0,-1.0,-1.0,-1.0,-1.0,-1.0,-1.0,-1.0,-1.0,-1.0,-1.0,-1.0,-1.0,-1.0,-1.0,-1.0,-1.0,-1.0,-1.0,-1.0,-1.0,-1.0,-1.0,3.5118969014751498,6.798272153100405,2.139771924057479
126,0.252,0.49023187356921855,0.4692481815131826,1.2428517758635707,3.5118969014751498,6.798272153100405,-0.31272807594252106,0.05367774381488562,0.2683,0.0039,0.8336,0.9088,-0.1468,-0.3202,0.2237,-0.1301,-1.4356,2.2171,1.5653,-0.2366,0.0652,-0.1938,0.3388,0.0478,1.1973,-0.1665,0.1206,-1.4857,0.8136,0.0119,0.6249,0.822,-0.1685,-0.1331,-0.5361,-0.3505,-0.1879,0.2512,0.1985,-0.2558,0.0834,0.5928,-0.2131,0.2614,-1.4793,0.8974,1.0713,3.689,8.6287,-0.0128,-15.0579,6.7112,-7.5774,0.7795,2.0254,-3.3741,2.4255,4.9129,-2.7191,3.1604,-17.855,5.9127,0.9292,8.5355,5.0956,7.665,1.9741,7.8431,-15.1411,-1.7607,7.4261,1.1954,6.3264,5.6918,1.0072,-1.0,-1.0,-1.0,-1.0,-1.0,-1.0,-1.0,-1.0,-1.0,-1.0,-1.0,-1.0,-1.0,-1.0,-1.0,-1.0,-1.0,-1.0,-1.0,-1.0,-1.0,-1.0,-1.0,-1.0,-1.0,-1.0,-1.0,-1.0,-1.0,-1.0,-1.0,-1.0,-1.0,-1.0,-1.0,-1.0,-1.0,-1.0,-1.0,-1.0,-1.0,-1.0,-1.0,-1.0,-1.0,-1.0,-1.0,-1.0,-1.0,-1.0,-1.0,-1.0,-1.0,-1.0,-1.0,-1.0,-1.0,-1.0,-1.0,-1.0,-1.0,-1.0,-1.0,3.5118969014751498,6.798272153100405,2.139771924057479
127,0.254,0.4972556673721688,0.4828447258193833,1.2422066997116856,3.5118969014751498,6.798272153100405,-0.33234807594252125,0.05367774381488562,0.2679,0.0045,0.8307,0.9086,-0.1472,-0.3186,0.2265,-0.1125,-1.4361,2.1884,1.5778,-0.2538,0.067,-0.1888,0.3323,0.0524,1.2067,-0.1725,0.1266,-1.5184,0.8247,0.0142,0.6424,0.832,-0.1527,-0.1288,-0.5203,-0.38,-0.1915,0.2651,0.2007,-0.2435,0.0943,0.594,-0.2121,0.2696,-1.4452,0.9031,1.0598,3.0028,8.8281,-0.2253,-14.3815,6.2643,-8.6249,0.878,2.5074,-3.2539,2.3011,4.7286,-2.9956,2.987,-16.3622,5.5327,1.1582,8.7569,4.9812,7.8954,2.1597,7.9265,-14.7599,-1.7811,6.9414,1.096,6.1103,5.4683,0.6194,-1.0,-1.0,-1.0,-1.0,-1.0,-1.0,-1.0,-1.0,-1.0,-1.0,-1.0,-1.0,-1.0,-1.0,-1.0,-1.0,-1.0,-1.0,-1.0,-1.0,-1.0,-1.0,-1.0,-1.0,-1.0,-1.0,-1.0,-1.0,-1.0,-1.0,-1.0,-1.0,-1.0,-1.0,-1.0,-1.0,-1.0,-1.0,-1.0,-1.0,-1.0,-1.0,-1.0,-1.0,-1.0,-1.0,-1.0,-1.0,-1.0,-1.0,-1.0,-1.0,-1.0,-1.0,-1.0,-1.0,-1.0,-1.0,-1.0,-1.0,-1.0,-1.0,-1.0,3.5118969014751498,6.798272153100405,2.139771924057479
128,0.256,0.5042794611751191,0.49644127012558426,1.2415223835598006,3.5118969014751498,6.798272153100405,-0.351968075942521,0.05367774381488562,0.2675,0.005,0.8279,0.9085,-0.1473,-0.3171,0.2288,-0.0945,-1.437,2.1611,1.5895,-0.2728,0.0689,-0.1829,0.326,0.0567,1.2158,-0.1791,0.1322,-1.5482,0.835,0.0169,0.6604,0.8416,-0.1365,-0.1241,-0.5043,-0.4088,-0.1952,0.2779,0.2027,-0.2318,0.1047,0.5945,-0.2105,0.2778,-1.4108,0.8997,1.0479,2.3439,8.9779,-0.4829,-13.6375,5.811,-9.4699,0.9631,2.944,-3.1218,2.166,4.532,-3.297,2.8043,-14.913,5.1572,1.3734,8.9943,4.841,8.1209,2.3351,7.9556,-14.382,-1.8285,6.4098,0.9923,5.8862,5.2281,0.2418,-1.0,-1.0,-1.0,-1.0,-1.0,-1.0,-1.0,-1.0,-1.0,-1.0,-1.0,-1.0,-1.0,-1.0,-1.0,-1.0,-1.0,-1.0,-1.0,-1.0,-1.0,-1.0,-1.0,-1.0,-1.0,-1.0,-1.0,-1.0,-1.0,-1.0,-1.0,-1.0,-1.0,-1.0,-1.0,-1.0,-1.0,-1.0,-1.0,-1.0,-1.0,-1.0,-1.0,-1.0,-1.0,-1.0,-1.0,-1.0,-1.0,-1.0,-1.0,-1.0,-1.0,-1.0,-1.0,-1.0,-1.0,-1.0,-1.0,-1.0,-1.0,-1.0,-1.0,3.5118969014751498,6.798272153100405,2.139771924057479
129,0.258,0.5113032549780694,0.510037814431785,1.2407988274079154,3.5118969014751498,6.798272153100405,-0.3715880759425212,0.05367774381488562,0.2671,0.0056,0.8252,0.9086,-0.1473,-0.3157,0.2304,-0.0764,-1.4389,2.1357,1.5999,-0.2934,0.0711,-0.1761,0.3201,0.0609,1.2244,-0.1861,0.1375,-1.5752,0.8446,0.0202,0.6788,0.8511,-0.1198,-0.1191,-0.4885,-0.4368,-0.199,0.2896,0.2045,-0.2205,0.1146,0.5942,-0.2074,0.282,-1.3666,0.8677,1.0279,1.6874,9.0718,-0.9246,-12.7128,5.1982,-10.2901,1.1066,3.4136,-2.9847,2.0884,4.3099,-3.494,2.6652,-13.4711,4.7807,1.6161,9.225,4.7048,8.3419,2.5155,7.9427,-13.9841,-1.9144,5.8714,0.8933,5.6166,4.9496,-0.1261,-1.0,-1.0,-1.0,-1.0,-1.0,-1.0,-1.0,-1.0,-1.0,-1.0,-1.0,-1.0,-1.0,-1.0,-1.0,-1.0,-1.0,-1.0,-1.0,-1.0,-1.0,-1.0,-1.0,-1.0,-1.0,-1.0,-1.0,-1.0,-1.0,-1.0,-1.0,-1.0,-1.0,-1.0,-1.0,-1.0,-1.0,-1.0,-1.0,-1.0,-1.0,-1.0,-1.0,-1.0,-1.0,-1.0,-1.0,-1.0,-1.0,-1.0,-1.0,-1.0,-1.0,-1.0,-1.0,-1.0,-1.0,-1.0,-1.0,-1.0,-1.0,-1.0,-1.0,3.5118969014751498,6.798272153100405,2.139771924057479
130,0.26,0.5183270487810199,0.5236343587379859,1.2400360312560306,3.5118969014751498,6.798272153100405,-0.39120807594252094,0.05367774381488562,0.2666,0.0061,0.8225,0.9088,-0.1471,-0.3144,0.2315,-0.0581,-1.4417,2.1121,1.609,-0.3153,0.0736,-0.1684,0.3144,0.065,1.2326,-0.1935,0.1426,-1.5993,0.8534,0.0239,0.6976,0.8601,-0.1027,-0.1137,-0.4727,-0.464,-0.203,0.3003,0.2061,-0.2098,0.124,0.5933,-0.2036,0.2849,-1.3228,0.8216,1.0103,1.069,9.1306,-1.3825,-11.7709,4.5945,-10.9621,1.2355,3.8635,-2.8409,2.0361,4.0744,-3.6896,2.5309,-12.0853,4.4185,1.8523,9.4051,4.5414,8.5579,2.6859,7.8923,-13.5938,-2.0316,5.3432,0.7951,5.3544,4.6697,-0.4846,-1.0,-1.0,-1.0,-1.0,-1.0,-1.0,-1.0,-1.0,-1.0,-1.0,-1.0,-1.0,-1.0,-1.0,-1.0,-1.0,-1.0,-1.0,-1.0,-1.0,-1.0,-1.0,-1.0,-1.0,-1.0,-1.0,-1.0,-1.0,-1.0,-1.0,-1.0,-1.0,-1.0,-1.0,-1.0,-1.0,-1.0,-1.0,-1.0,-1.0,-1.0,-1.0,-1.0,-1.0,-1.0,-1.0,-1.0,-1.0,-1.0,-1.0,-1.0,-1.0,-1.0,-1.0,-1.0,-1.0,-1.0,-1.0,-1.0,-1.0,-1.0,-1.0,-1.0,3.5118969014751498,6.798272153100405,2.139771924057479
131,0.262,0.5253508425839701,0.5372309030441866,1.2392339951041453,3.5118969014751498,6.798272153100405,-0.41082807594252113,0.05367774381488562,0.2663,0.0067,0.82,0.9091,-0.1468,-0.3133,0.2321,-0.0398,-1.4453,2.0905,1.6171,-0.3382,0.0763,-0.1599,0.309,0.0689,1.2402,-0.2012,0.1474,-1.6208,0.8615,0.0281,0.7167,0.8689,-0.0851,-0.108,-0.457,-0.4904,-0.2074,0.31,0.2075,-0.1996,0.1328,0.5916,-0.1984,0.2871,-1.2796,0.7599,0.988,0.4832,9.1482,-1.8222,-10.8119,4.0064,-11.4795,1.3426,4.2595,-2.6856,1.9784,3.8343,-3.881,2.4037,-10.7449,4.0635,2.0914,9.5366,4.3572,8.7691,2.8427,7.8159,-13.2139,-2.1928,4.8348,0.6952,5.1062,4.3938,-0.834,-1.0,-1.0,-1.0,-1.0,-1.0,-1.0,-1.0,-1.0,-1.0,-1.0,-1.0,-1.0,-1.0,-1.0,-1.0,-1.0,-1.0,-1.0,-1.0,-1.0,-1.0,-1.0,-1.0,-1.0,-1.0,-1.0,-1.0,-1.0,-1.0,-1.0,-1.0,-1.0,-1.0,-1.0,-1.0,-1.0,-1.0,-1.0,-1.0,-1.0,-1.0,-1.0,-1.0,-1.0,-1.0,-1.0,-1.0,-1.0,-1.0,-1.0,-1.0,-1.0,-1.0,-1.0,-1.0,-1.0,-1.0,-1.0,-1.0,-1.0,-1.0,-1.0,-1.0,3.5118969014751498,6.798272153100405,2.139771924057479
132,0.264,0.5323746363869204,0.5508274473503876,1.2383927189522606,3.5118969014751498,6.798272153100405,-0.4304480759425213,0.05367774381488562,0.2659,0.0073,0.8175,0.9095,-0.1464,-0.3123,0.2321,-0.0216,-1.4497,2.0708,1.6239,-0.3619,0.0791,-0.1507,0.304,0.0727,1.2474,-0.2094,0.1519,-1.6397,0.869,0.0327,0.736,0.8772,-0.0672,-0.1021,-0.4416,-0.5161,-0.2123,0.3187,0.2087,-0.1899,0.141,0.5893,-0.1909,0.2891,-1.2371,0.681,0.954,-0.0771,9.1173,-2.2106,-9.8335,3.4369,-11.838,1.4214,4.5765,-2.5126,1.8916,3.5956,-4.0654,2.2829,-9.4372,3.7073,2.3413,9.6372,4.1587,8.9758,2.9843,7.7205,-12.8467,-2.4104,4.3553,0.5915,4.8777,4.1289,-1.1743,-1.0,-1.0,-1.0,-1.0,-1.0,-1.0,-1.0,-1.0,-1.0,-1.0,-1.0,-1.0,-1.0,-1.0,-1.0,-1.0,-1.0,-1.0,-1.0,-1.0,-1.0,-1.0,-1.0,-1.0,-1.0,-1.0,-1.0,-1.0,-1.0,-1.0,-1.0,-1.0,-1.0,-1.0,-1.0,-1.0,-1.0,-1.0,-1.0,-1.0,-1.0,-1.0,-1.0,-1.0,-1.0,-1.0,-1.0,-1.0,-1.0,-1.0,-1.0,-1.0,-1.0,-1.0,-1.0,-1.0,-1.0,-1.0,-1.0,-1.0,-1.0,-1.0,-1.0,3.5118969014751498,6.798272153100405,2.139771924057479
133,0.266,0.5393984301898707,0.5644239916565883,1.2375122028003755,3.5118969014751498,6.798272153100405,-0.4500680759425211,0.05367774381488562,0.2655,0.0079,0.8151,0.91,-0.1459,-0.3114,0.2316,-0.0035,-1.4548,2.0531,1.6297,-0.386,0.0821,-0.1411,0.2993,0.0763,1.2541,-0.2178,0.1563,-1.656,0.8757,0.0379,0.7554,0.8851,-0.0488,-0.0958,-0.4264,-0.5411,-0.2176,0.3265,0.2097,-0.1805,0.1488,0.5862,-0.1815,0.2908,-1.1952,0.585,0.909,-0.614,9.0381,-2.5389,-8.8436,2.8864,-12.0547,1.4727,4.8243,-2.3223,1.783,3.3565,-4.2423,2.1677,-8.1618,3.3492,2.6003,9.7096,3.9469,9.1782,3.1117,7.609,-12.5013,-2.6761,3.9047,0.5339,4.6662,3.8785,-1.5058,-1.0,-1.0,-1.0,-1.0,-1.0,-1.0,-1.0,-1.0,-1.0,-1.0,-1.0,-1.0,-1.0,-1.0,-1.0,-1.0,-1.0,-1.0,-1.0,-1.0,-1.0,-1.0,-1.0,-1.0,-1.0,-1.0,-1.0,-1.0,-1.0,-1.0,-1.0,-1.0,-1.0,-1.0,-1.0,-1.0,-1.0,-1.0,-1.0,-1.0,-1.0,-1.0,-1.0,-1.0,-1.0,-1.0,-1.0,-1.0,-1.0,-1.0,-1.0,-1.0,-1.0,-1.0,-1.0,-1.0,-1.0,-1.0,-1.0,-1.0,-1.0,-1.0,-1.0,3.5118969014751498,6.798272153100405,2.139771924057479
134,0.268,0.5464222239928209,0.5780205359627892,1.2365924466484903,3.5118969014751498,6.798272153100405,-0.46968807594252127,0.05367774381488562,0.2652,0.0085,0.8128,0.9106,-0.1453,-0.3107,0.2306,0.0143,-1.4604,2.0374,1.6344,-0.4103,0.0851,-0.131,0.2951,0.0796,1.2604,-0.2267,0.1604,-1.6699,0.8816,0.0437,0.7749,0.8925,-0.0301,-0.0894,-0.4114,-0.5654,-0.2236,0.3335,0.2108,-0.1716,0.1561,0.5826,-0.1704,0.2921,-1.154,0.4733,0.8531,-1.1288,8.9107,-2.7995,-7.8495,2.3556,-12.1455,1.4975,5.0115,-2.115,1.6578,3.1159,-4.4118,2.0575,-6.9163,2.9877,2.8675,9.7566,3.7224,9.3764,3.2297,7.4839,-12.1773,-2.9855,3.4829,0.5262,4.4696,3.6401,-1.8286,-1.0,-1.0,-1.0,-1.0,-1.0,-1.0,-1.0,-1.0,-1.0,-1.0,-1.0,-1.0,-1.0,-1.0,-1.0,-1.0,-1.0,-1.0,-1.0,-1.0,-1.0,-1.0,-1.0,-1.0,-1.0,-1.0,-1.0,-1.0,-1.0,-1.0,-1.0,-1.0,-1.0,-1.0,-1.0,-1.0,-1.0,-1.0,-1.0,-1.0,-1.0,-1.0,-1.0,-1.0,-1.0,-1.0,-1.0,-1.0,-1.0,-1.0,-1.0,-1.0,-1.0,-1.0,-1.0,-1.0,-1.0,-1.0,-1.0,-1.0,-1.0,-1.0,-1.0,3.5118969014751498,6.798272153100405,2.139771924057479
135,0.27,0.5534460177957714,0.59161708026899,1.2356334504966053,3.5118969014751498,6.798272153100405,-0.489308075942521,0.05367774381488562,0.2649,0.009,0.8106,0.9113,-0.1447,-0.3101,0.2291,0.0318,-1.4664,2.0237,1.6381,-0.4346,0.0881,-0.1207,0.2913,0.0826,1.2661,-0.2358,0.1643,-1.6812,0.8869,0.05,0.7945,0.8995,-0.0109,-0.0827,-0.3967,-0.5892,-0.2302,0.3397,0.2119,-0.163,0.1629,0.5783,-0.1576,0.2929,-1.1134,0.3477,0.7863,-1.6235,8.7351,-2.982,-6.8571,1.8441,-12.1325,1.4981,5.1454,-1.8908,1.5196,2.8732,-4.5746,1.952,-5.6977,2.6209,3.1424,9.7813,3.486,9.5705,3.3359,7.3471,-11.8718,-3.3353,3.0898,0.5595,4.2859,3.4122,-2.143,-1.0,-1.0,-1.0,-1.0,-1.0,-1.0,-1.0,-1.0,-1.0,-1.0,-1.0,-1.0,-1.0,-1.0,-1.0,-1.0,-1.0,-1.0,-1.0,-1.0,-1.0,-1.0,-1.0,-1.0,-1.0,-1.0,-1.0,-1.0,-1.0,-1.0,-1.0,-1.0,-1.0,-1.0,-1.0,-1.0,-1.0,-1.0,-1.0,-1.0,-1.0,-1.0,-1.0,-1.0,-1.0,-1.0,-1.0,-1.0,-1.0,-1.0,-1.0,-1.0,-1.0,-1.0,-1.0,-1.0,-1.0,-1.0,-1.0,-1.0,-1.0,-1.0,-1.0,3.5118969014751498,6.798272153100405,2.139771924057479
136,0.272,0.5604698115987217,0.6052136245751909,1.2346352143447201,3.5118969014751498,6.798272153100405,-0.5089280759425212,0.05367774381488562,0.2646,0.0096,0.8084,0.912,-0.144,-0.3097,0.2272,0.0488,-1.4723,2.0118,1.6412,-0.4585,0.0908,-0.1107,0.288,0.085,1.2716,-0.2454,0.168,-1.6903,0.8913,0.0568,0.8142,0.9059,0.0086,-0.0758,-0.3823,-0.6124,-0.2377,0.3451,0.2132,-0.1548,0.1692,0.5734,-0.1472,0.3019,-1.0849,0.2477,0.7174,-2.0565,8.4905,-2.9622,-5.9552,1.541,-11.951,1.3736,5.0282,-1.6859,1.1905,2.7117,-4.7783,1.862,-4.5458,2.228,3.4237,9.8476,3.229,9.7607,3.454,7.2196,-11.616,-3.7234,2.7222,0.6591,4.0904,3.1622,-2.4493,-1.0,-1.0,-1.0,-1.0,-1.0,-1.0,-1.0,-1.0,-1.0,-1.0,-1.0,-1.0,-1.0,-1.0,-1.0,-1.0,-1.0,-1.0,-1.0,-1.0,-1.0,-1.0,-1.0,-1.0,-1.0,-1.0,-1.0,-1.0,-1.0,-1.0,-1.0,-1.0,-1.0,-1.0,-1.0,-1.0,-1.0,-1.0,-1.0,-1.0,-1.0,-1.0,-1.0,-1.0,-1.0,-1.0,-1.0,-1.0,-1.0,-1.0,-1.0,-1.0,-1.0,-1.0,-1.0,-1.0,-1.0,-1.0,-1.0,-1.0,-1.0,-1.0,-1.0,3.5118969014751498,6.798272153100405,2.139771924057479
137,0.274,0.5674936054016719,0.6188101688813916,1.2335977381928351,3.5118969014751498,6.798272153100405,-0.5285480759425214,0.05367774381488562,0.2643,0.0103,0.8063,0.9128,-0.1432,-0.3094,0.2249,0.0652,-1.4781,2.0017,1.6437,-0.4819,0.0933,-0.1008,0.285,0.0868,1.2766,-0.2553,0.1716,-1.6972,0.895,0.0643,0.8339,0.9119,0.0283,-0.0687,-0.3681,-0.6352,-0.246,0.3499,0.2149,-0.147,0.1751,0.5679,-0.1367,0.3099,-1.0574,0.1396,0.6453,-2.4735,8.2036,-2.8871,-5.0577,1.2472,-11.7073,1.2343,4.9209,-1.4722,0.8905,2.5402,-4.9788,1.7831,-3.4128,1.8331,3.7288,9.8501,2.9666,9.8699,3.5653,7.0822,-11.3724,-4.1445,2.3809,0.8118,3.9197,2.9295,-2.7476,-1.0,-1.0,-1.0,-1.0,-1.0,-1.0,-1.0,-1.0,-1.0,-1.0,-1.0,-1.0,-1.0,-1.0,-1.0,-1.0,-1.0,-1.0,-1.0,-1.0,-1.0,-1.0,-1.0,-1.0,-1.0,-1.0,-1.0,-1.0,-1.0,-1.0,-1.0,-1.0,-1.0,-1.0,-1.0,-1.0,-1.0,-1.0,-1.0,-1.0,-1.0,-1.0,-1.0,-1.0,-1.0,-1.0,-1.0,-1.0,-1.0,-1.0,-1.0,-1.0,-1.0,-1.0,-1.0,-1.0,-1.0,-1.0,-1.0,-1.0,-1.0,-1.0,-1.0,3.5118969014751498,6.798272153100405,2.139771924057479
138,0.276,0.5745173992046222,0.6324067131875926,1.2325210220409502,3.5118969014751498,6.798272153100405,-0.5481680759425211,0.05367774381488562,0.264,0.0109,0.8042,0.9136,-0.1424,-0.3093,0.2222,0.0809,-1.4836,1.9934,1.6456,-0.5047,0.0955,-0.0912,0.2825,0.088,1.2813,-0.2657,0.175,-1.7017,0.8979,0.0724,0.8534,0.9173,0.0481,-0.0613,-0.3542,-0.6574,-0.2552,0.354,0.2169,-0.1394,0.1805,0.5618,-0.1268,0.3166,-1.0308,0.0265,0.5723,-2.8751,7.8677,-2.7544,-4.1636,0.972,-11.3905,1.0889,4.8378,-1.2554,0.6271,2.359,-5.1742,1.7181,-2.2932,1.4363,4.0754,9.7535,2.7075,9.8993,3.667,6.9359,-11.14,-4.6015,2.0672,1.0417,3.7872,2.7203,-3.0382,-1.0,-1.0,-1.0,-1.0,-1.0,-1.0,-1.0,-1.0,-1.0,-1.0,-1.0,-1.0,-1.0,-1.0,-1.0,-1.0,-1.0,-1.0,-1.0,-1.0,-1.0,-1.0,-1.0,-1.0,-1.0,-1.0,-1.0,-1.0,-1.0,-1.0,-1.0,-1.0,-1.0,-1.0,-1.0,-1.0,-1.0,-1.0,-1.0,-1.0,-1.0,-1.0,-1.0,-1.0,-1.0,-1.0,-1.0,-1.0,-1.0,-1.0,-1.0,-1.0,-1.0,-1.0,-1.0,-1.0,-1.0,-1.0,-1.0,-1.0,-1.0,-1.0,-1.0,3.5118969014751498,6.798272153100405,2.139771924057479
139,0.278,0.5815411930075725,0.6460032574937933,1.2314050658890652,3.5118969014751498,6.798272153100405,-0.5677880759425213,0.05367774381488562,0.2638,0.0115,0.8022,0.9145,-0.1416,-0.3094,0.2191,0.0959,-1.4887,1.9868,1.647,-0.5267,0.0973,-0.0816,0.2804,0.0888,1.2857,-0.2764,0.1783,-1.7041,0.8999,0.0813,0.8725,0.9222,0.0678,-0.0538,-0.3407,-0.6793,-0.2654,0.3575,0.2196,-0.1321,0.1856,0.5552,-0.1176,0.3223,-1.0051,-0.0904,0.4978,-3.2628,7.4889,-2.5644,-3.2781,0.7149,-11.0158,0.9386,4.7739,-1.0364,0.3941,2.1701,-5.3643,1.6668,-1.1866,1.0362,4.4595,9.57,2.4537,9.8603,3.7604,6.7821,-10.916,-5.0824,1.7749,1.3405,3.6874,2.5313,-3.3212,-1.0,-1.0,-1.0,-1.0,-1.0,-1.0,-1.0,-1.0,-1.0,-1.0,-1.0,-1.0,-1.0,-1.0,-1.0,-1.0,-1.0,-1.0,-1.0,-1.0,-1.0,-1.0,-1.0,-1.0,-1.0,-1.0,-1.0,-1.0,-1.0,-1.0,-1.0,-1.0,-1.0,-1.0,-1.0,-1.0,-1.0,-1.0,-1.0,-1.0,-1.0,-1.0,-1.0,-1.0,-1.0,-1.0,-1.0,-1.0,-1.0,-1.0,-1.0,-1.0,-1.0,-1.0,-1.0,-1.0,-1.0,-1.0,-1.0,-1.0,-1.0,-1.0,-1.0,3.5118969014751498,6.798272153100405,2.139771924057479
140,0.28,0.5885649868105227,0.659599801799994,1.2302498697371802,3.5118969014751498,6.798272153100405,-0.5874080759425215,0.05367774381488562,0.2636,0.0122,0.8003,0.9154,-0.1408,-0.3095,0.2156,0.1101,-1.4933,1.982,1.648,-0.5479,0.0989,-0.0722,0.2788,0.0892,1.2896,-0.2875,0.1816,-1.7043,0.9012,0.0911,0.8911,0.9266,0.0874,-0.0461,-0.3274,-0.7007,-0.2765,0.3605,0.223,-0.1248,0.1903,0.548,-0.1093,0.3269,-0.9804,-0.2104,0.4208,-3.6387,7.0734,-2.3169,-2.4056,0.4756,-10.5951,0.7849,4.7256,-0.8159,0.1861,1.9757,-5.5491,1.6292,-0.0959,0.6333,4.8764,9.3076,2.2082,9.7627,3.847,6.6221,-10.6998,-5.5604,1.4901,1.707,3.6155,2.3603,-3.5971,-1.0,-1.0,-1.0,-1.0,-1.0,-1.0,-1.0,-1.0,-1.0,-1.0,-1.0,-1.0,-1.0,-1.0,-1.0,-1.0,-1.0,-1.0,-1.0,-1.0,-1.0,-1.0,-1.0,-1.0,-1.0,-1.0,-1.0,-1.0,-1.0,-1.0,-1.0,-1.0,-1.0,-1.0,-1.0,-1.0,-1.0,-1.0,-1.0,-1.0,-1.0,-1.0,-1.0,-1.0,-1.0,-1.0,-1.0,-1.0,-1.0,-1.0,-1.0,-1.0,-1.0,-1.0,-1.0,-1.0,-1.0,-1.0,-1.0,-1.0,-1.0,-1.0,-1.0,3.5118969014751498,6.798272153100405,2.139771924057479
141,0.282,0.5955887806134732,0.6731963461061949,1.2290554335852952,3.5118969014751498,6.798272153100405,-0.6070280759425213,0.05367774381488562,0.2634,0.0129,0.7983,0.9163,-0.1399,-0.3099,0.2118,0.1233,-1.4974,1.9789,1.6485,-0.5682,0.1002,-0.0628,0.2776,0.0892,1.2932,-0.299,0.1848,-1.7023,0.9017,0.1017,0.9091,0.9306,0.1066,-0.0383,-0.3145,-0.7216,-0.2886,0.3629,0.2272,-0.1177,0.1947,0.5403,-0.1017,0.3304,-0.9566,-0.3313,0.34,-4.0035,6.6277,-2.0135,-1.5505,0.2547,-10.1358,0.6301,4.6881,-0.5929,-0.0029,1.7768,-5.7296,1.6052,0.9827,0.2227,5.3279,8.9715,1.9861,9.6151,3.9274,6.4569,-10.4776,-6.0411,1.2126,2.0692,3.5673,2.2064,-3.8659,-1.0,-1.0,-1.0,-1.0,-1.0,-1.0,-1.0,-1.0,-1.0,-1.0,-1.0,-1.0,-1.0,-1.0,-1.0,-1.0,-1.0,-1.0,-1.0,-1.0,-1.0,-1.0,-1.0,-1.0,-1.0,-1.0,-1.0,-1.0,-1.0,-1.0,-1.0,-1.0,-1.0,-1.0,-1.0,-1.0,-1.0,-1.0,-1.0,-1.0,-1.0,-1.0,-1.0,-1.0,-1.0,-1.0,-1.0,-1.0,-1.0,-1.0,-1.0,-1.0,-1.0,-1.0,-1.0,-1.0,-1.0,-1.0,-1.0,-1.0,-1.0,-1.0,-1.0,3.5118969014751498,6.798272153100405,2.139771924057479
142,0.284,0.6026125744164235,0.6867928904123957,1.22782175743341,3.5118969014751498,6.798272153100405,-0.6266480759425215,0.05367774381488562,0.2632,0.0135,0.7965,0.9172,-0.139,-0.3103,0.2076,0.1356,-1.5006,1.9774,1.6486,-0.5874,0.1012,-0.0532,0.2769,0.0891,1.2963,-0.3108,0.188,-1.6983,0.9013,0.1134,0.9262,0.9341,0.1255,-0.0302,-0.302,-0.7421,-0.3016,0.3648,0.232,-0.1106,0.1988,0.532,-0.0955,0.3293,-0.9333,-0.4615,0.2633,-4.3472,6.1277,-1.6403,-0.7251,0.0545,-9.6187,0.4863,4.7765,-0.3695,-0.0635,1.5412,-5.9001,1.5816,2.0435,-0.1832,5.816,8.5415,1.7586,9.4346,4.0111,6.2656,-10.2377,-6.5252,0.9433,2.4304,3.5224,2.0462,-4.1279,-1.0,-1.0,-1.0,-1.0,-1.0,-1.0,-1.0,-1.0,-1.0,-1.0,-1.0,-1.0,-1.0,-1.0,-1.0,-1.0,-1.0,-1.0,-1.0,-1.0,-1.0,-1.0,-1.0,-1.0,-1.0,-1.0,-1.0,-1.0,-1.0,-1.0,-1.0,-1.0,-1.0,-1.0,-1.0,-1.0,-1.0,-1.0,-1.0,-1.0,-1.0,-1.0,-1.0,-1.0,-1.0,-1.0,-1.0,-1.0,-1.0,-1.0,-1.0,-1.0,-1.0,-1.0,-1.0,-1.0,-1.0,-1.0,-1.0,-1.0,-1.0,-1.0,-1.0,3.5118969014751498,6.798272153100405,2.139771924057479
143,0.286,0.6096363682193737,0.7003894347185966,1.226548841281525,3.5118969014751498,6.798272153100405,-0.6462680759425212,0.05367774381488562,0.263,0.0142,0.7947,0.9181,-0.1382,-0.3109,0.2031,0.1468,-1.5031,1.9776,1.6483,-0.6056,0.1018,-0.0436,0.2767,0.0888,1.2988,-0.3229,0.1911,-1.6921,0.9001,0.126,0.9424,0.9372,0.1439,-0.0221,-0.2898,-0.7621,-0.3156,0.3662,0.2376,-0.1037,0.2026,0.5232,-0.0881,0.329,-0.9101,-0.5913,0.1716,-4.6719,5.6137,-1.213,0.0714,-0.1361,-9.0928,0.3402,4.8463,-0.1079,-0.1268,1.2736,-6.0889,1.5754,3.0829,-0.6129,6.3194,8.1101,1.5676,9.2258,4.0908,6.0779,-9.9989,-7.0116,0.6816,2.7868,3.4929,1.8968,-4.3832,-1.0,-1.0,-1.0,-1.0,-1.0,-1.0,-1.0,-1.0,-1.0,-1.0,-1.0,-1.0,-1.0,-1.0,-1.0,-1.0,-1.0,-1.0,-1.0,-1.0,-1.0,-1.0,-1.0,-1.0,-1.0,-1.0,-1.0,-1.0,-1.0,-1.0,-1.0,-1.0,-1.0,-1.0,-1.0,-1.0,-1.0,-1.0,-1.0,-1.0,-1.0,-1.0,-1.0,-1.0,-1.0,-1.0,-1.0,-1.0,-1.0,-1.0,-1.0,-1.0,-1.0,-1.0,-1.0,-1.0,-1.0,-1.0,-1.0,-1.0,-1.0,-1.0,-1.0,3.5118969014751498,6.798272153100405,2.139771924057479
144,0.288,0.6166601620223242,0.7139859790247973,1.22523668512964,3.5118969014751498,6.798272153100405,-0.6658880759425214,0.05367774381488562,0.2628,0.0148,0.7929,0.9191,-0.1373,-0.3117,0.1983,0.157,-1.5046,1.9793,1.6477,-0.6227,0.1022,-0.0338,0.277,0.0884,1.3008,-0.3355,0.1943,-1.6839,0.8979,0.1397,0.9577,0.94,0.1619,-0.0137,-0.2781,-0.7816,-0.3306,0.3671,0.2439,-0.0967,0.2061,0.514,-0.0801,0.3299,-0.8869,-0.7165,0.0702,-4.98,5.1033,-0.7676,0.8399,-0.3203,-8.5709,0.1992,4.8958,0.1823,-0.2,0.9794,-6.2964,1.5853,4.1004,-1.0619,6.8191,7.6835,1.3864,8.9896,4.1559,5.8827,-9.76,-7.5011,0.4279,3.1389,3.4901,1.7638,-4.6322,-1.0,-1.0,-1.0,-1.0,-1.0,-1.0,-1.0,-1.0,-1.0,-1.0,-1.0,-1.0,-1.0,-1.0,-1.0,-1.0,-1.0,-1.0,-1.0,-1.0,-1.0,-1.0,-1.0,-1.0,-1.0,-1.0,-1.0,-1.0,-1.0,-1.0,-1.0,-1.0,-1.0,-1.0,-1.0,-1.0,-1.0,-1.0,-1.0,-1.0,-1.0,-1.0,-1.0,-1.0,-1.0,-1.0,-1.0,-1.0,-1.0,-1.0,-1.0,-1.0,-1.0,-1.0,-1.0,-1.0,-1.0,-1.0,-1.0,-1.0,-1.0,-1.0,-1.0,3.5118969014751498,6.798272153100405,2.139771924057479
145,0.29,0.6236839558252745,0.7275825233309983,1.2238852889777547,3.5118969014751498,6.798272153100405,-0.6855080759425216,0.05367774381488562,0.2627,0.0155,0.7912,0.92,-0.1364,-0.3126,0.1932,0.1662,-1.5053,1.9824,1.6467,-0.6389,0.1024,-0.0239,0.278,0.0878,1.3021,-0.3486,0.1975,-1.6737,0.8949,0.1543,0.9723,0.9424,0.1793,-0.0054,-0.2667,-0.8007,-0.3466,0.3674,0.2509,-0.0896,0.2094,0.5042,-0.0721,0.332,-0.8638,-0.8337,-0.0333,-5.2757,4.6128,-0.3412,1.583,-0.4995,-8.0641,0.0704,4.9237,0.4812,-0.2901,0.6743,-6.516,1.6088,5.1007,-1.526,7.3092,7.2616,1.1905,8.722,4.1904,5.6705,-9.517,-7.9962,0.1816,3.4868,3.5236,1.6557,-4.875,-1.0,-1.0,-1.0,-1.0,-1.0,-1.0,-1.0,-1.0,-1.0,-1.0,-1.0,-1.0,-1.0,-1.0,-1.0,-1.0,-1.0,-1.0,-1.0,-1.0,-1.0,-1.0,-1.0,-1.0,-1.0,-1.0,-1.0,-1.0,-1.0,-1.0,-1.0,-1.0,-1.0,-1.0,-1.0,-1.0,-1.0,-1.0,-1.0,-1.0,-1.0,-1.0,-1.0,-1.0,-1.0,-1.0,-1.0,-1.0,-1.0,-1.0,-1.0,-1.0,-1.0,-1.0,-1.0,-1.0,-1.0,-1.0,-1.0,-1.0,-1.0,-1.0,-1.0,3.5118969014751498,6.798272153100405,2.139771924057479
146,0.292,0.6307077496282245,0.7411790676371988,1.2224946528258698,3.5118969014751498,6.798272153100405,-0.7051280759425209,0.05367774381488562,0.2626,0.0162,0.7895,0.9209,-0.1355,-0.3137,0.1878,0.1745,-1.5052,1.987,1.6454,-0.654,0.1023,-0.0141,0.2795,0.087,1.3029,-0.362,0.2008,-1.6615,0.8909,0.1699,0.986,0.9444,0.1962,0.003,-0.2558,-0.8192,-0.3636,0.3673,0.2585,-0.0825,0.2126,0.494,-0.0649,0.3349,-0.8422,-0.9423,-0.1353,-5.5699,4.1506,0.0622,2.3036,-0.6701,-7.5719,-0.0456,4.925,0.7616,-0.4075,0.394,-6.7271,1.6377,6.0931,-2.0036,7.7904,6.8436,0.9808,8.4277,4.2001,5.444,-9.2705,-8.4948,-0.0571,3.8314,3.588,1.5648,-5.1118,-1.0,-1.0,-1.0,-1.0,-1.0,-1.0,-1.0,-1.0,-1.0,-1.0,-1.0,-1.0,-1.0,-1.0,-1.0,-1.0,-1.0,-1.0,-1.0,-1.0,-1.0,-1.0,-1.0,-1.0,-1.0,-1.0,-1.0,-1.0,-1.0,-1.0,-1.0,-1.0,-1.0,-1.0,-1.0,-1.0,-1.0,-1.0,-1.0,-1.0,-1.0,-1.0,-1.0,-1.0,-1.0,-1.0,-1.0,-1.0,-1.0,-1.0,-1.0,-1.0,-1.0,-1.0,-1.0,-1.0,-1.0,-1.0,-1.0,-1.0,-1.0,-1.0,-1.0,3.5118969014751498,6.798272153100405,2.139771924057479
147,0.294,0.6377315434311748,0.7547756119433995,1.2210647766739846,3.5118969014751498,6.798272153100405,-0.7247480759425211,0.05367774381488562,0.2625,0.0168,0.7878,0.9217,-0.1346,-0.3149,0.1821,0.182,-1.5043,1.993,1.6437,-0.6682,0.102,-0.0043,0.2815,0.0859,1.3032,-0.3759,0.2041,-1.6473,0.8859,0.1864,0.9988,0.9459,0.2124,0.0114,-0.2454,-0.8372,-0.3816,0.3667,0.2669,-0.0751,0.2156,0.4833,-0.0585,0.3382,-0.8225,-1.0425,-0.2343,-5.8666,3.7208,0.4406,3.0019,-0.8304,-7.0934,-0.1484,4.8995,1.0127,-0.5541,0.1514,-6.9211,1.6693,7.0807,-2.4948,8.2628,6.4292,0.7589,8.1107,4.1872,5.2055,-9.0208,-8.9965,-0.2881,4.1738,3.679,1.4916,-5.3428,-1.0,-1.0,-1.0,-1.0,-1.0,-1.0,-1.0,-1.0,-1.0,-1.0,-1.0,-1.0,-1.0,-1.0,-1.0,-1.0,-1.0,-1.0,-1.0,-1.0,-1.0,-1.0,-1.0,-1.0,-1.0,-1.0,-1.0,-1.0,-1.0,-1.0,-1.0,-1.0,-1.0,-1.0,-1.0,-1.0,-1.0,-1.0,-1.0,-1.0,-1.0,-1.0,-1.0,-1.0,-1.0,-1.0,-1.0,-1.0,-1.0,-1.0,-1.0,-1.0,-1.0,-1.0,-1.0,-1.0,-1.0,-1.0,-1.0,-1.0,-1.0,-1.0,-1.0,3.5118969014751498,6.798272153100405,2.139771924057479
148,0.296,0.644755337234125,0.7683721562496002,1.2195956605221,3.5118969014751498,6.798272153100405,-0.7443680759425209,0.05367774381488562,0.2624,0.0175,0.7862,0.9226,-0.1336,-0.3162,0.1762,0.1886,-1.5027,2.0005,1.6418,-0.6817,0.1018,0.0054,0.2842,0.0844,1.303,-0.3901,0.2076,-1.6312,0.8798,0.2038,1.0108,0.947,0.2279,0.0197,-0.2356,-0.8548,-0.4006,0.3657,0.2759,-0.0675,0.2184,0.4722,-0.051,0.347,-0.8004,-1.112,-0.3518,-6.1543,3.3141,0.7733,3.706,-0.9334,-6.735,-0.0718,4.8429,1.3144,-0.7566,-0.1268,-7.1431,1.7203,8.0536,-3.0273,8.7223,6.0131,0.5721,7.7504,4.1558,4.9354,-8.7781,-9.508,-0.5156,4.4982,3.7935,1.4182,-5.5681,-1.0,-1.0,-1.0,-1.0,-1.0,-1.0,-1.0,-1.0,-1.0,-1.0,-1.0,-1.0,-1.0,-1.0,-1.0,-1.0,-1.0,-1.0,-1.0,-1.0,-1.0,-1.0,-1.0,-1.0,-1.0,-1.0,-1.0,-1.0,-1.0,-1.0,-1.0,-1.0,-1.0,-1.0,-1.0,-1.0,-1.0,-1.0,-1.0,-1.0,-1.0,-1.0,-1.0,-1.0,-1.0,-1.0,-1.0,-1.0,-1.0,-1.0,-1.0,-1.0,-1.0,-1.0,-1.0,-1.0,-1.0,-1.0,-1.0,-1.0,-1.0,-1.0,-1.0,3.5118969014751498,6.798272153100405,2.139771924057479
149,0.298,0.6517791310370755,0.7819687005558011,1.2180873043702147,3.5118969014751498,6.798272153100405,-0.763988075942521,0.05367774381488562,0.2622,0.0183,0.7847,0.9234,-0.1324,-0.3177,0.1699,0.1942,-1.5004,2.0095,1.6405,-0.6926,0.1026,0.015,0.2873,0.0821,1.3023,-0.4049,0.2112,-1.6132,0.8726,0.2221,1.022,0.9479,0.2427,0.028,-0.2262,-0.8718,-0.4207,0.3642,0.2853,-0.0597,0.2211,0.4606,-0.0587,0.3747,-0.7705,-1.0218,-0.4395,-6.4701,2.8035,1.1841,4.533,-0.6592,-5.4758,0.3727,4.7981,1.5589,-1.1672,-0.3498,-7.3953,1.8057,9.0428,-3.6313,9.1299,5.5844,0.4187,7.3856,4.1151,4.6651,-8.5197,-10.0612,-0.7597,4.7406,3.9177,1.3504,-5.7881,-1.0,-1.0,-1.0,-1.0,-1.0,-1.0,-1.0,-1.0,-1.0,-1.0,-1.0,-1.0,-1.0,-1.0,-1.0,-1.0,-1.0,-1.0,-1.0,-1.0,-1.0,-1.0,-1.0,-1.0,-1.0,-1.0,-1.0,-1.0,-1.0,-1.0,-1.0,-1.0,-1.0,-1.0,-1.0,-1.0,-1.0,-1.0,-1.0,-1.0,-1.0,-1.0,-1.0,-1.0,-1.0,-1.0,-1.0,-1.0,-1.0,-1.0,-1.0,-1.0,-1.0,-1.0,-1.0,-1.0,-1.0,-1.0,-1.0,-1.0,-1.0,-1.0,-1.0,3.5118969014751498,6.798272153100405,2.139771924057479
150,0.3,0.6588029248400258,0.7955652448620019,1.2165397082183298,3.5118969014751498,6.798272153100405,-0.7836080759425208,0.05367774381488562,0.2621,0.0191,0.7832,0.9242,-0.131,-0.3192,0.1634,0.1989,-1.4973,2.0201,1.6396,-0.7014,0.104,0.0245,0.2909,0.0789,1.3011,-0.4202,0.215,-1.5931,0.8641,0.2411,1.0323,0.9484,0.2567,0.0361,-0.2175,-0.8884,-0.442,0.3622,0.2953,-0.0516,0.2237,0.4486,-0.0634,0.4009,-0.7432,-0.9485,-0.5333,-6.7727,2.3621,1.5475,5.3037,-0.459,-4.3698,0.7315,4.7335,1.8083,-1.5599,-0.5755,-7.6344,1.8905,10.0117,-4.2483,9.5291,5.1594,0.2543,7.0251,4.0545,4.3788,-8.2668,-10.6147,-0.9938,4.9923,4.0443,1.2924,-6.0028,-1.0,-1.0,-1.0,-1.0,-1.0,-1.0,-1.0,-1.0,-1.0,-1.0,-1.0,-1.0,-1.0,-1.0,-1.0,-1.0,-1.0,-1.0,-1.0,-1.0,-1.0,-1.0,-1.0,-1.0,-1.0,-1.0,-1.0,-1.0,-1.0,-1.0,-1.0,-1.0,-1.0,-1.0,-1.0,-1.0,-1.0,-1.0,-1.0,-1.0,-1.0,-1.0,-1.0,-1.0,-1.0,-1.0,-1.0,-1.0,-1.0,-1.0,-1.0,-1.0,-1.0,-1.0,-1.0,-1.0,-1.0,-1.0,-1.0,-1.0,-1.0,-1.0,-1.0,3.5118969014751498,6.798272153100405,2.139771924057479
151,0.302,0.665826718642976,0.8091617891682026,1.2149528720664446,3.5118969014751498,6.798272153100405,-0.803228075942521,0.05367774381488562,0.262,0.0199,0.7818,0.9251,-0.1295,-0.3208,0.1567,0.2029,-1.4935,2.0321,1.639,-0.7082,0.1061,0.0338,0.295,0.0751,1.2995,-0.4359,0.2189,-1.5712,0.8543,0.261,1.0418,0.9485,0.2701,0.044,-0.2094,-0.9044,-0.4643,0.3598,0.3058,-0.0433,0.2262,0.4362,-0.0656,0.4255,-0.7187,-0.89,-0.6292,-7.0569,1.9883,1.8686,6.0033,-0.3161,-3.4146,1.0267,4.6416,2.0582,-1.9389,-0.8038,-7.8698,1.9688,10.9575,-4.8778,9.9157,4.7373,0.0578,6.6759,3.9664,4.0624,-8.0169,-11.1706,-1.2186,5.2539,4.1668,1.2416,-6.2122,-1.0,-1.0,-1.0,-1.0,-1.0,-1.0,-1.0,-1.0,-1.0,-1.0,-1.0,-1.0,-1.0,-1.0,-1.0,-1.0,-1.0,-1.0,-1.0,-1.0,-1.0,-1.0,-1.0,-1.0,-1.0,-1.0,-1.0,-1.0,-1.0,-1.0,-1.0,-1.0,-1.0,-1.0,-1.0,-1.0,-1.0,-1.0,-1.0,-1.0,-1.0,-1.0,-1.0,-1.0,-1.0,-1.0,-1.0,-1.0,-1.0,-1.0,-1.0,-1.0,-1.0,-1.0,-1.0,-1.0,-1.0,-1.0,-1.0,-1.0,-1.0,-1.0,-1.0,3.5118969014751498,6.798272153100405,2.139771924057479
152,0.304,0.6728505124459263,0.8227583334744037,1.2133267959145597,3.5118969014751498,6.798272153100405,-0.8228480759425212,0.05367774381488562,0.2618,0.0208,0.7804,0.9258,-0.1278,-0.3226,0.1497,0.2063,-1.4892,2.0454,1.6385,-0.7133,0.1086,0.0428,0.2996,0.0704,1.2974,-0.4521,0.223,-1.5475,0.8433,0.2816,1.0504,0.9482,0.2828,0.0517,-0.2019,-0.9199,-0.4878,0.3569,0.3169,-0.0347,0.2286,0.4233,-0.0655,0.4483,-0.6974,-0.8447,-0.7255,-7.3231,1.6789,2.1502,6.6335,-0.2198,-2.5735,1.2517,4.523,2.3044,-2.3053,-1.0318,-8.1003,2.0419,11.874,-5.5066,10.2907,4.3086,-0.1431,6.3363,3.8539,3.7189,-7.7729,-11.7246,-1.4332,5.5271,4.2855,1.199,-6.4165,-1.0,-1.0,-1.0,-1.0,-1.0,-1.0,-1.0,-1.0,-1.0,-1.0,-1.0,-1.0,-1.0,-1.0,-1.0,-1.0,-1.0,-1.0,-1.0,-1.0,-1.0,-1.0,-1.0,-1.0,-1.0,-1.0,-1.0,-1.0,-1.0,-1.0,-1.0,-1.0,-1.0,-1.0,-1.0,-1.0,-1.0,-1.0,-1.0,-1.0,-1.0,-1.0,-1.0,-1.0,-1.0,-1.0,-1.0,-1.0,-1.0,-1.0,-1.0,-1.0,-1.0,-1.0,-1.0,-1.0,-1.0,-1.0,-1.0,-1.0,-1.0,-1.0,-1.0,3.5118969014751498,6.798272153100405,2.139771924057479
153,0.306,0.6798743062488766,0.8363548777806045,1.2116614797626746,3.5118969014751498,6.798272153100405,-0.8424680759425209,0.05367774381488562,0.2617,0.0218,0.779,0.9266,-0.126,-0.3244,0.1426,0.2092,-1.4845,2.0597,1.638,-0.7157,0.1112,0.0515,0.3047,0.0652,1.2949,-0.4688,0.2272,-1.522,0.8311,0.3029,1.0581,0.9475,0.2948,0.0591,-0.1952,-0.935,-0.5123,0.3536,0.3285,-0.0259,0.2309,0.4101,-0.0631,0.4685,-0.6826,-0.8224,-0.8191,-7.5487,1.4561,2.3718,7.1577,-0.2733,-1.1955,1.2956,4.3644,2.5413,-2.6433,-1.2573,-8.3277,2.1111,12.7323,-6.1021,10.6559,3.859,-0.3623,6.0049,3.72,3.3501,-7.5415,-12.2662,-1.6344,5.8232,4.4011,1.1641,-6.6159,-1.0,-1.0,-1.0,-1.0,-1.0,-1.0,-1.0,-1.0,-1.0,-1.0,-1.0,-1.0,-1.0,-1.0,-1.0,-1.0,-1.0,-1.0,-1.0,-1.0,-1.0,-1.0,-1.0,-1.0,-1.0,-1.0,-1.0,-1.0,-1.0,-1.0,-1.0,-1.0,-1.0,-1.0,-1.0,-1.0,-1.0,-1.0,-1.0,-1.0,-1.0,-1.0,-1.0,-1.0,-1.0,-1.0,-1.0,-1.0,-1.0,-1.0,-1.0,-1.0,-1.0,-1.0,-1.0,-1.0,-1.0,-1.0,-1.0,-1.0,-1.0,-1.0,-1.0,3.5118969014751498,6.798272153100405,2.139771924057479
154,0.308,0.686898100051827,0.8499514220868052,1.2099569236107894,3.5118969014751498,6.798272153100405,-0.8620880759425211,0.05367774381488562,0.2616,0.0228,0.7777,0.9273,-0.1241,-0.3264,0.1352,0.2117,-1.4793,2.075,1.6373,-0.7157,0.1138,0.0599,0.3102,0.0592,1.292,-0.4859,0.2316,-1.4949,0.8178,0.3249,1.0649,0.9463,0.3061,0.0663,-0.1893,-0.9497,-0.5378,0.3499,0.3408,-0.0169,0.2332,0.3965,-0.0588,0.4863,-0.6712,-0.8092,-0.9106,-7.7598,1.2816,2.5731,7.6148,-0.3403,0.0251,1.2972,4.1841,2.7661,-2.9719,-1.4774,-8.5517,2.1761,13.5463,-6.6627,10.9965,3.3863,-0.5909,5.6809,3.568,2.9576,-7.3246,-12.7647,-1.8407,6.1401,4.5133,1.1348,-6.8106,-1.0,-1.0,-1.0,-1.0,-1.0,-1.0,-1.0,-1.0,-1.0,-1.0,-1.0,-1.0,-1.0,-1.0,-1.0,-1.0,-1.0,-1.0,-1.0,-1.0,-1.0,-1.0,-1.0,-1.0,-1.0,-1.0,-1.0,-1.0,-1.0,-1.0,-1.0,-1.0,-1.0,-1.0,-1.0,-1.0,-1.0,-1.0,-1.0,-1.0,-1.0,-1.0,-1.0,-1.0,-1.0,-1.0,-1.0,-1.0,-1.0,-1.0,-1.0,-1.0,-1.0,-1.0,-1.0,-1.0,-1.0,-1.0,-1.0,-1.0,-1.0,-1.0,-1.0,3.5118969014751498,6.798272153100405,2.139771924057479
155,0.31,0.6939218938547773,0.8635479663930059,1.2082131274589045,3.5118969014751498,6.798272153100405,-0.8817080759425209,0.05367774381488562,0.2615,0.0238,0.7763,0.9279,-0.1221,-0.3284,0.1277,0.2139,-1.4737,2.0912,1.6369,-0.7153,0.1157,0.0681,0.3162,0.0527,1.2885,-0.5035,0.236,-1.4662,0.8033,0.3475,1.0707,0.9447,0.3168,0.0731,-0.1843,-0.9639,-0.5643,0.3458,0.3537,-0.0076,0.2354,0.3825,-0.0543,0.5011,-0.6552,-0.7839,-0.9992,-7.9904,1.094,2.8113,8.1025,-0.2183,0.1964,0.9504,4.0838,2.9891,-3.2575,-1.7234,-8.7769,2.2143,14.3617,-7.2378,11.3047,2.9081,-0.806,5.3361,3.399,2.5234,-7.1035,-13.2477,-2.0531,6.4542,4.627,1.1072,-7.0008,-1.0,-1.0,-1.0,-1.0,-1.0,-1.0,-1.0,-1.0,-1.0,-1.0,-1.0,-1.0,-1.0,-1.0,-1.0,-1.0,-1.0,-1.0,-1.0,-1.0,-1.0,-1.0,-1.0,-1.0,-1.0,-1.0,-1.0,-1.0,-1.0,-1.0,-1.0,-1.0,-1.0,-1.0,-1.0,-1.0,-1.0,-1.0,-1.0,-1.0,-1.0,-1.0,-1.0,-1.0,-1.0,-1.0,-1.0,-1.0,-1.0,-1.0,-1.0,-1.0,-1.0,-1.0,-1.0,-1.0,-1.0,-1.0,-1.0,-1.0,-1.0,-1.0,-1.0,3.5118969014751498,6.798272153100405,2.139771924057479
156,0.312,0.7009456876577276,0.8771445106992071,1.2064300913070194,3.5118969014751498,6.798272153100405,-0.9013280759425211,0.05367774381488562,0.2614,0.0248,0.7751,0.9284,-0.12,-0.3305,0.12,0.2158,-1.4677,2.1082,1.6366,-0.7145,0.117,0.076,0.3226,0.0456,1.2846,-0.5215,0.2405,-1.4359,0.7877,0.3706,1.0755,0.9426,0.3268,0.0795,-0.1801,-0.9777,-0.5917,0.3413,0.3673,0.0018,0.2375,0.3681,-0.0484,0.5131,-0.6429,-0.7706,-1.0846,-8.1984,0.9556,3.0185,8.512,-0.1343,0.3729,0.6349,3.952,3.1993,-3.5329,-1.9687,-9.0,2.25,15.1217,-7.781,11.5866,2.4091,-1.027,4.9985,3.2146,2.0977,-6.9003,-13.6703,-2.2782,6.7954,4.7178,1.0731,-7.1867,-1.0,-1.0,-1.0,-1.0,-1.0,-1.0,-1.0,-1.0,-1.0,-1.0,-1.0,-1.0,-1.0,-1.0,-1.0,-1.0,-1.0,-1.0,-1.0,-1.0,-1.0,-1.0,-1.0,-1.0,-1.0,-1.0,-1.0,-1.0,-1.0,-1.0,-1.0,-1.0,-1.0,-1.0,-1.0,-1.0,-1.0,-1.0,-1.0,-1.0,-1.0,-1.0,-1.0,-1.0,-1.0,-1.0,-1.0,-1.0,-1.0,-1.0,-1.0,-1.0,-1.0,-1.0,-1.0,-1.0,-1.0,-1.0,-1.0,-1.0,-1.0,-1.0,-1.0,3.5118969014751498,6.798272153100405,2.139771924057479
157,0.314,0.7079694814606778,0.8907410550054078,1.2046078151551343,3.5118969014751498,6.798272153100405,-0.9209480759425213,0.05367774381488562,0.2613,0.0258,0.7738,0.9289,-0.1178,-0.3326,0.1121,0.2176,-1.4613,2.1259,1.6364,-0.7134,0.1177,0.0835,0.3294,0.038,1.2802,-0.5399,0.245,-1.4043,0.7711,0.3943,1.0793,0.9401,0.3361,0.0855,-0.1767,-0.9911,-0.6197,0.3362,0.3816,0.0114,0.2396,0.3534,-0.0419,0.5227,-0.6339,-0.7676,-1.1653,-8.3775,0.8603,3.1978,8.8381,-0.0783,0.5501,0.3551,3.7778,3.3931,-3.8035,-2.2125,-9.2177,2.2792,15.8192,-8.3014,11.8413,1.8941,-1.249,4.667,3.0068,1.6819,-6.7152,-14.0191,-2.5247,7.1659,4.7681,1.0291,-7.3685,-1.0,-1.0,-1.0,-1.0,-1.0,-1.0,-1.0,-1.0,-1.0,-1.0,-1.0,-1.0,-1.0,-1.0,-1.0,-1.0,-1.0,-1.0,-1.0,-1.0,-1.0,-1.0,-1.0,-1.0,-1.0,-1.0,-1.0,-1.0,-1.0,-1.0,-1.0,-1.0,-1.0,-1.0,-1.0,-1.0,-1.0,-1.0,-1.0,-1.0,-1.0,-1.0,-1.0,-1.0,-1.0,-1.0,-1.0,-1.0,-1.0,-1.0,-1.0,-1.0,-1.0,-1.0,-1.0,-1.0,-1.0,-1.0,-1.0,-1.0,-1.0,-1.0,-1.0,3.5118969014751498,6.798272153100405,2.139771924057479
158,0.316,0.7149932752636281,0.9043375993116085,1.2027462990032494,3.5118969014751498,6.798272153100405,-0.940568075942521,0.05367774381488562,0.2612,0.0269,0.7725,0.9294,-0.1155,-0.3349,0.1041,0.2192,-1.4547,2.1439,1.6361,-0.7106,0.1182,0.0906,0.3365,0.03,1.2753,-0.5587,0.2497,-1.3714,0.7535,0.4185,1.0821,0.9372,0.3448,0.0911,-0.1741,-1.0042,-0.6483,0.3306,0.3968,0.0209,0.2415,0.3383,-0.0347,0.5285,-0.6321,-0.7939,-1.2421,-8.4974,0.8366,3.3156,8.9999,-0.1935,1.4351,0.2753,3.5487,3.5704,-4.0366,-2.4587,-9.4288,2.3014,16.4294,-8.7994,12.0847,1.366,-1.4774,4.3409,2.7784,1.2757,-6.5497,-14.2895,-2.7881,7.5778,4.784,0.977,-7.5464,-1.0,-1.0,-1.0,-1.0,-1.0,-1.0,-1.0,-1.0,-1.0,-1.0,-1.0,-1.0,-1.0,-1.0,-1.0,-1.0,-1.0,-1.0,-1.0,-1.0,-1.0,-1.0,-1.0,-1.0,-1.0,-1.0,-1.0,-1.0,-1.0,-1.0,-1.0,-1.0,-1.0,-1.0,-1.0,-1.0,-1.0,-1.0,-1.0,-1.0,-1.0,-1.0,-1.0,-1.0,-1.0,-1.0,-1.0,-1.0,-1.0,-1.0,-1.0,-1.0,-1.0,-1.0,-1.0,-1.0,-1.0,-1.0,-1.0,-1.0,-1.0,-1.0,-1.0,3.5118969014751498,6.798272153100405,2.139771924057479
159,0.318,0.7220170690665786,0.9179341436178092,1.2008455428513645,3.5118969014751498,6.798272153100405,-0.9601880759425212,0.05367774381488562,0.2612,0.0279,0.7713,0.9297,-0.1133,-0.3371,0.0959,0.2209,-1.4478,2.162,1.6355,-0.7061,0.1186,0.0972,0.344,0.0214,1.2698,-0.578,0.2543,-1.3375,0.735,0.4431,1.0837,0.9338,0.3529,0.0961,-0.1724,-1.017,-0.6773,0.3245,0.4128,0.0305,0.2434,0.3228,-0.0276,0.5319,-0.6329,-0.827,-1.3127,-8.5904,0.8394,3.4172,9.0946,-0.2537,2.2179,0.1774,3.2913,3.7278,-4.2601,-2.7044,-9.6338,2.3175,16.9797,-9.2792,12.3004,0.8232,-1.7047,4.0198,2.5292,0.8791,-6.4033,-14.4908,-3.0705,8.0137,4.7706,0.9199,-7.7205,-1.0,-1.0,-1.0,-1.0,-1.0,-1.0,-1.0,-1.0,-1.0,-1.0,-1.0,-1.0,-1.0,-1.0,-1.0,-1.0,-1.0,-1.0,-1.0,-1.0,-1.0,-1.0,-1.0,-1.0,-1.0,-1.0,-1.0,-1.0,-1.0,-1.0,-1.0,-1.0,-1.0,-1.0,-1.0,-1.0,-1.0,-1.0,-1.0,-1.0,-1.0,-1.0,-1.0,-1.0,-1.0,-1.0,-1.0,-1.0,-1.0,-1.0,-1.0,-1.0,-1.0,-1.0,-1.0,-1.0,-1.0,-1.0,-1.0,-1.0,-1.0,-1.0,-1.0,3.5118969014751498,6.798272153100405,2.139771924057479
160,0.32,0.7290408628695288,0.9315306879240104,1.1989055466994794,3.5118969014751498,6.798272153100405,-0.979808075942521,0.05367774381488562,0.2611,0.029,0.77,0.9299,-0.111,-0.3395,0.0878,0.2226,-1.4408,2.1803,1.635,-0.7003,0.1187,0.1032,0.3517,0.0125,1.2639,-0.5977,0.2589,-1.3025,0.7155,0.4681,1.0842,0.9299,0.3603,0.1007,-0.1714,-1.0296,-0.7065,0.3178,0.4298,0.0399,0.2451,0.3071,-0.0207,0.5329,-0.6361,-0.8658,-1.3769,-8.6581,0.8663,3.5057,9.1273,-0.2555,2.9059,0.0682,3.0053,3.864,-4.4771,-2.9487,-9.833,2.3286,17.472,-9.7407,12.4883,0.2657,-1.931,3.7031,2.2626,0.4916,-6.278,-14.6278,-3.369,8.4704,4.7321,0.8559,-7.8908,-1.0,-1.0,-1.0,-1.0,-1.0,-1.0,-1.0,-1.0,-1.0,-1.0,-1.0,-1.0,-1.0,-1.0,-1.0,-1.0,-1.0,-1.0,-1.0,-1.0,-1.0,-1.0,-1.0,-1.0,-1.0,-1.0,-1.0,-1.0,-1.0,-1.0,-1.0,-1.0,-1.0,-1.0,-1.0,-1.0,-1.0,-1.0,-1.0,-1.0,-1.0,-1.0,-1.0,-1.0,-1.0,-1.0,-1.0,-1.0,-1.0,-1.0,-1.0,-1.0,-1.0,-1.0,-1.0,-1.0,-1.0,-1.0,-1.0,-1.0,-1.0,-1.0,-1.0,3.5118969014751498,6.798272153100405,2.139771924057479
161,0.322,0.7360646566724791,0.9451272322302111,1.1969263105475942,3.5118969014751498,6.798272153100405,-0.9994280759425211,0.05367774381488562,0.2611,0.0301,0.7687,0.93,-0.1088,-0.3418,0.0795,0.2245,-1.4337,2.1985,1.6346,-0.6933,0.1186,0.1086,0.3597,0.0031,1.2575,-0.6177,0.2636,-1.2666,0.6948,0.4934,1.0838,0.9257,0.367,0.1046,-0.1712,-1.0418,-0.7362,0.3106,0.4476,0.0493,0.2466,0.2909,-0.0152,0.5344,-0.6396,-0.9067,-1.4384,-8.6928,0.9241,3.5713,9.0952,-0.231,3.5139,-0.0535,2.663,3.9904,-4.7098,-3.2096,-10.0276,2.3385,17.975,-10.375,12.6865,-0.2411,-2.1175,3.3603,1.9554,0.1142,-6.137,-14.8412,-3.5997,8.9193,4.675,0.7662,-8.0575,-1.0,-1.0,-1.0,-1.0,-1.0,-1.0,-1.0,-1.0,-1.0,-1.0,-1.0,-1.0,-1.0,-1.0,-1.0,-1.0,-1.0,-1.0,-1.0,-1.0,-1.0,-1.0,-1.0,-1.0,-1.0,-1.0,-1.0,-1.0,-1.0,-1.0,-1.0,-1.0,-1.0,-1.0,-1.0,-1.0,-1.0,-1.0,-1.0,-1.0,-1.0,-1.0,-1.0,-1.0,-1.0,-1.0,-1.0,-1.0,-1.0,-1.0,-1.0,-1.0,-1.0,-1.0,-1.0,-1.0,-1.0,-1.0,-1.0,-1.0,-1.0,-1.0,-1.0,3.5118969014751498,6.798272153100405,2.139771924057479
162,0.324,0.7430884504754294,0.9587237765364118,1.1949078343957091,3.5118969014751498,6.798272153100405,-1.0190480759425213,0.05367774381488562,0.2611,0.0311,0.7674,0.9301,-0.1066,-0.3442,0.0713,0.2265,-1.4264,2.2165,1.6343,-0.6852,0.1182,0.1131,0.3679,-0.0068,1.2506,-0.6383,0.2674,-1.2297,0.6728,0.5191,1.0822,0.9211,0.373,0.1079,-0.1717,-1.0539,-0.7662,0.303,0.4664,0.0585,0.248,0.2745,-0.01,0.5335,-0.6439,-0.9494,-1.4924,-8.7082,0.9862,3.6294,9.0196,-0.1515,4.0628,-0.1918,2.2954,4.0874,-4.9177,-3.4497,-10.2831,1.8727,18.4231,-10.9886,12.8459,-0.7705,-2.3041,3.0252,1.6446,-0.2545,-6.0214,-15.0167,-3.7749,9.3748,4.6037,0.6763,-8.2209,-1.0,-1.0,-1.0,-1.0,-1.0,-1.0,-1.0,-1.0,-1.0,-1.0,-1.0,-1.0,-1.0,-1.0,-1.0,-1.0,-1.0,-1.0,-1.0,-1.0,-1.0,-1.0,-1.0,-1.0,-1.0,-1.0,-1.0,-1.0,-1.0,-1.0,-1.0,-1.0,-1.0,-1.0,-1.0,-1.0,-1.0,-1.0,-1.0,-1.0,-1.0,-1.0,-1.0,-1.0,-1.0,-1.0,-1.0,-1.0,-1.0,-1.0,-1.0,-1.0,-1.0,-1.0,-1.0,-1.0,-1.0,-1.0,-1.0,-1.0,-1.0,-1.0,-1.0,3.5118969014751498,6.798272153100405,2.139771924057479
163,0.326,0.7501122442783796,0.9723203208426126,1.192850118243824,3.5118969014751498,6.798272153100405,-1.038668075942521,0.05367774381488562,0.2611,0.0322,0.7661,0.93,-0.1044,-0.3467,0.063,0.2285,-1.4191,2.2344,1.6342,-0.676,0.1176,0.117,0.3762,-0.017,1.2432,-0.6594,0.2703,-1.1921,0.6496,0.5451,1.0796,0.9161,0.3784,0.1105,-0.1729,-1.0657,-0.7965,0.2952,0.4858,0.0675,0.2491,0.2577,-0.0058,0.5306,-0.6495,-0.9875,-1.5352,-8.7064,1.0422,3.664,8.9116,-0.0208,4.5614,-0.327,1.9097,4.1586,-5.1335,-3.6912,-10.5286,1.481,18.8126,-11.5722,12.9625,-1.324,-2.4907,2.685,1.3306,-0.6148,-5.9183,-15.1461,-3.9134,9.7403,4.4975,0.5773,-8.3811,-1.0,-1.0,-1.0,-1.0,-1.0,-1.0,-1.0,-1.0,-1.0,-1.0,-1.0,-1.0,-1.0,-1.0,-1.0,-1.0,-1.0,-1.0,-1.0,-1.0,-1.0,-1.0,-1.0,-1.0,-1.0,-1.0,-1.0,-1.0,-1.0,-1.0,-1.0,-1.0,-1.0,-1.0,-1.0,-1.0,-1.0,-1.0,-1.0,-1.0,-1.0,-1.0,-1.0,-1.0,-1.0,-1.0,-1.0,-1.0,-1.0,-1.0,-1.0,-1.0,-1.0,-1.0,-1.0,-1.0,-1.0,-1.0,-1.0,-1.0,-1.0,-1.0,-1.0,3.5118969014751498,6.798272153100405,2.139771924057479
164,0.328,0.7571360380813301,0.9859168651488133,1.190753162091939,3.5118969014751498,6.798272153100405,-1.0582880759425213,0.05367774381488562,0.2611,0.0333,0.7648,0.9299,-0.1022,-0.3491,0.0547,0.2307,-1.4117,2.2519,1.6345,-0.666,0.1167,0.12,0.3846,-0.0278,1.2354,-0.6809,0.2726,-1.1538,0.6254,0.5711,1.0758,0.9107,0.3831,0.1125,-0.1748,-1.0774,-0.827,0.2871,0.5059,0.0762,0.25,0.2407,-0.0029,0.5258,-0.6558,-1.0209,-1.5664,-8.6884,1.0895,3.6721,8.7732,0.1456,5.0102,-0.4406,1.4973,4.2039,-5.3641,-3.9372,-10.7695,1.1527,19.1387,-12.1195,13.0337,-1.8997,-2.6762,2.3271,1.0128,-0.9669,-5.8291,-15.2153,-4.0259,10.0055,4.3396,0.4595,-8.5385,-1.0,-1.0,-1.0,-1.0,-1.0,-1.0,-1.0,-1.0,-1.0,-1.0,-1.0,-1.0,-1.0,-1.0,-1.0,-1.0,-1.0,-1.0,-1.0,-1.0,-1.0,-1.0,-1.0,-1.0,-1.0,-1.0,-1.0,-1.0,-1.0,-1.0,-1.0,-1.0,-1.0,-1.0,-1.0,-1.0,-1.0,-1.0,-1.0,-1.0,-1.0,-1.0,-1.0,-1.0,-1.0,-1.0,-1.0,-1.0,-1.0,-1.0,-1.0,-1.0,-1.0,-1.0,-1.0,-1.0,-1.0,-1.0,-1.0,-1.0,-1.0,-1.0,-1.0,3.5118969014751498,6.798272153100405,2.139771924057479
165,0.33,0.7641598318842804,0.9995134094550144,1.188616965940054,3.5118969014751498,6.798272153100405,-1.077908075942521,0.05367774381488562,0.2611,0.0343,0.7635,0.9297,-0.1001,-0.3515,0.0464,0.2329,-1.404,2.2693,1.635,-0.657,0.1155,0.1221,0.393,-0.039,1.227,-0.703,0.2744,-1.115,0.6002,0.5972,1.0708,0.905,0.387,0.1139,-0.1774,-1.0889,-0.8574,0.2789,0.5262,0.0845,0.2507,0.2233,0.001,0.5186,-0.6592,-1.0426,-1.5858,-8.6967,1.0774,3.8891,8.6973,0.2509,4.4948,-0.5842,1.0939,4.2174,-5.6261,-4.1685,-11.035,0.8781,19.4385,-12.6196,13.0483,-2.4955,-2.8575,1.9517,0.692,-1.2757,-5.7562,-15.2361,-4.1107,10.1619,4.1375,0.3248,-8.693,-1.0,-1.0,-1.0,-1.0,-1.0,-1.0,-1.0,-1.0,-1.0,-1.0,-1.0,-1.0,-1.0,-1.0,-1.0,-1.0,-1.0,-1.0,-1.0,-1.0,-1.0,-1.0,-1.0,-1.0,-1.0,-1.0,-1.0,-1.0,-1.0,-1.0,-1.0,-1.0,-1.0,-1.0,-1.0,-1.0,-1.0,-1.0,-1.0,-1.0,-1.0,-1.0,-1.0,-1.0,-1.0,-1.0,-1.0,-1.0,-1.0,-1.0,-1.0,-1.0,-1.0,-1.0,-1.0,-1.0,-1.0,-1.0,-1.0,-1.0,-1.0,-1.0,-1.0,3.5118969014751498,6.798272153100405,2.139771924057479
166,0.332,0.7711836256872306,1.0131099537612152,1.186441529788169,3.5118969014751498,6.798272153100405,-1.0975280759425212,0.05367774381488562,0.2611,0.0353,0.7622,0.9294,-0.0979,-0.3539,0.0381,0.235,-1.3958,2.2865,1.6358,-0.6488,0.1141,0.1235,0.4015,-0.0508,1.2182,-0.7256,0.2757,-1.0756,0.574,0.6233,1.0646,0.8989,0.3901,0.1147,-0.1805,-1.1003,-0.8879,0.2706,0.5466,0.0922,0.251,0.2056,0.0044,0.5103,-0.6631,-1.0613,-1.5942,-8.6845,1.0805,4.0633,8.5831,0.368,4.1044,-0.6849,0.6679,4.2168,-5.8939,-4.4261,-11.3029,0.6497,19.6795,-13.0857,13.0253,-3.1089,-3.0411,1.5593,0.3687,-1.541,-5.6961,-15.2299,-4.1552,10.2138,3.8966,0.1756,-8.8445,-1.0,-1.0,-1.0,-1.0,-1.0,-1.0,-1.0,-1.0,-1.0,-1.0,-1.0,-1.0,-1.0,-1.0,-1.0,-1.0,-1.0,-1.0,-1.0,-1.0,-1.0,-1.0,-1.0,-1.0,-1.0,-1.0,-1.0,-1.0,-1.0,-1.0,-1.0,-1.0,-1.0,-1.0,-1.0,-1.0,-1.0,-1.0,-1.0,-1.0,-1.0,-1.0,-1.0,-1.0,-1.0,-1.0,-1.0,-1.0,-1.0,-1.0,-1.0,-1.0,-1.0,-1.0,-1.0,-1.0,-1.0,-1.0,-1.0,-1.0,-1.0,-1.0,-1.0,3.5118969014751498,6.798272153100405,2.139771924057479
167,0.334,0.7782074194901809,1.0267064980674159,1.184226853636284,3.5118969014751498,6.798272153100405,-1.1171480759425214,0.05367774381488562,0.2611,0.0363,0.7608,0.929,-0.0958,-0.3562,0.0298,0.2373,-1.3874,2.3033,1.6368,-0.6412,0.1126,0.124,0.4097,-0.0631,1.209,-0.7486,0.2766,-1.0358,0.5469,0.6492,1.0571,0.8925,0.3924,0.1147,-0.184,-1.1116,-0.9183,0.2623,0.567,0.0995,0.251,0.1876,0.0071,0.499,-0.6698,-1.0809,-1.5926,-8.6845,1.1384,4.2135,8.4173,0.4984,3.8072,-0.7578,0.2506,4.1353,-6.1629,-4.589,-11.5028,0.4591,19.9026,-13.527,12.9783,-3.7347,-3.2261,1.1511,0.0227,-1.7667,-5.6499,-15.2126,-4.1717,10.1812,3.6351,-0.0053,-8.9927,-1.0,-1.0,-1.0,-1.0,-1.0,-1.0,-1.0,-1.0,-1.0,-1.0,-1.0,-1.0,-1.0,-1.0,-1.0,-1.0,-1.0,-1.0,-1.0,-1.0,-1.0,-1.0,-1.0,-1.0,-1.0,-1.0,-1.0,-1.0,-1.0,-1.0,-1.0,-1.0,-1.0,-1.0,-1.0,-1.0,-1.0,-1.0,-1.0,-1.0,-1.0,-1.0,-1.0,-1.0,-1.0,-1.0,-1.0,-1.0,-1.0,-1.0,-1.0,-1.0,-1.0,-1.0,-1.0,-1.0,-1.0,-1.0,-1.0,-1.0,-1.0,-1.0,-1.0,3.5118969014751498,6.798272153100405,2.139771924057479
168,0.336,0.7852312132931312,1.0403030423736166,1.181972937484399,3.5118969014751498,6.798272153100405,-1.1367680759425212,0.05367774381488562,0.2611,0.0373,0.7595,0.9286,-0.0937,-0.3585,0.0215,0.2397,-1.3787,2.3197,1.6381,-0.6341,0.111,0.1237,0.4178,-0.076,1.1995,-0.772,0.2772,-0.9956,0.519,0.675,1.0484,0.8857,0.3939,0.1141,-0.188,-1.1229,-0.9487,0.254,0.5873,0.1062,0.2506,0.1693,0.0097,0.4868,-0.6769,-1.0991,-1.5861,-8.6655,1.1942,4.3377,8.2193,0.6617,3.5466,-0.8278,-0.1659,4.046,-6.4185,-4.7755,-11.6952,0.3017,20.0862,-13.9738,12.9058,-4.364,-3.4061,0.7504,-0.3174,-1.9698,-5.6354,-15.1922,-4.1324,10.1459,3.363,-0.1916,-9.1378,-1.0,-1.0,-1.0,-1.0,-1.0,-1.0,-1.0,-1.0,-1.0,-1.0,-1.0,-1.0,-1.0,-1.0,-1.0,-1.0,-1.0,-1.0,-1.0,-1.0,-1.0,-1.0,-1.0,-1.0,-1.0,-1.0,-1.0,-1.0,-1.0,-1.0,-1.0,-1.0,-1.0,-1.0,-1.0,-1.0,-1.0,-1.0,-1.0,-1.0,-1.0,-1.0,-1.0,-1.0,-1.0,-1.0,-1.0,-1.0,-1.0,-1.0,-1.0,-1.0,-1.0,-1.0,-1.0,-1.0,-1.0,-1.0,-1.0,-1.0,-1.0,-1.0,-1.0,3.5118969014751498,6.798272153100405,2.139771924057479
169,0.338,0.7922550070960817,1.0538995866798178,1.179679781332514,3.5118969014751498,6.798272153100405,-1.1563880759425214,0.05367774381488562,0.2611,0.0382,0.7581,0.928,-0.0916,-0.3608,0.0133,0.2422,-1.3699,2.3357,1.6397,-0.6275,0.1092,0.1225,0.4257,-0.0894,1.1895,-0.7957,0.2776,-0.9551,0.4901,0.7006,1.0384,0.8785,0.3946,0.1128,-0.1922,-1.1342,-0.979,0.2459,0.6075,0.1124,0.2499,0.1508,0.0122,0.4744,-0.6836,-1.1126,-1.5747,-8.6432,1.2669,4.4266,7.9944,0.8307,3.3152,-0.8937,-0.5977,3.9398,-6.6898,-4.9769,-11.8784,0.1726,20.2434,-14.4216,12.8043,-4.997,-3.5813,0.357,-0.6455,-2.1355,-5.6555,-15.1652,-4.0461,10.1055,3.0741,-0.3855,-9.2797,-1.0,-1.0,-1.0,-1.0,-1.0,-1.0,-1.0,-1.0,-1.0,-1.0,-1.0,-1.0,-1.0,-1.0,-1.0,-1.0,-1.0,-1.0,-1.0,-1.0,-1.0,-1.0,-1.0,-1.0,-1.0,-1.0,-1.0,-1.0,-1.0,-1.0,-1.0,-1.0,-1.0,-1.0,-1.0,-1.0,-1.0,-1.0,-1.0,-1.0,-1.0,-1.0,-1.0,-1.0,-1.0,-1.0,-1.0,-1.0,-1.0,-1.0,-1.0,-1.0,-1.0,-1.0,-1.0,-1.0,-1.0,-1.0,-1.0,-1.0,-1.0,-1.0,-1.0,3.5118969014751498,6.798272153100405,2.139771924057479
170,0.34,0.7992788008990319,1.0674961309860185,1.1773473851806289,3.5118969014751498,6.798272153100405,-1.176008075942521,0.05367774381488562,0.2612,0.0392,0.7567,0.9274,-0.0895,-0.3631,0.005,0.245,-1.3609,2.3512,1.6417,-0.6213,0.1073,0.1203,0.4333,-0.1034,1.1791,-0.8198,0.2777,-0.9144,0.4604,0.726,1.0271,0.871,0.3945,0.1109,-0.1967,-1.1456,-1.0093,0.2381,0.6276,0.1179,0.2487,0.1319,0.0144,0.4624,-0.6892,-1.1202,-1.5557,-8.632,1.3714,4.47,7.7474,0.981,3.1063,-0.9539,-1.0562,3.8024,-7.0004,-5.1841,-12.045,0.0677,20.39,-14.8672,12.673,-5.6337,-3.7538,-0.0291,-0.9564,-2.2493,-5.6901,-15.1345,-3.9283,10.0473,2.7629,-0.5896,-9.4184,-1.0,-1.0,-1.0,-1.0,-1.0,-1.0,-1.0,-1.0,-1.0,-1.0,-1.0,-1.0,-1.0,-1.0,-1.0,-1.0,-1.0,-1.0,-1.0,-1.0,-1.0,-1.0,-1.0,-1.0,-1.0,-1.0,-1.0,-1.0,-1.0,-1.0,-1.0,-1.0,-1.0,-1.0,-1.0,-1.0,-1.0,-1.0,-1.0,-1.0,-1.0,-1.0,-1.0,-1.0,-1.0,-1.0,-1.0,-1.0,-1.0,-1.0,-1.0,-1.0,-1.0,-1.0,-1.0,-1.0,-1.0,-1.0,-1.0,-1.0,-1.0,-1.0,-1.0,3.5118969014751498,6.798272153100405,2.139771924057479
171,0.342,0.8063025947019822,1.0810926752922192,1.1749757490287438,3.5118969014751498,6.798272153100405,-1.1956280759425213,0.05367774381488562,0.2612,0.0401,0.7553,0.9268,-0.0874,-0.3652,-0.0033,0.248,-1.352,2.3662,1.6439,-0.6154,0.1053,0.1173,0.4406,-0.118,1.1683,-0.8442,0.2777,-0.8733,0.4298,0.751,1.0146,0.8631,0.3937,0.1084,-0.2014,-1.1569,-1.0395,0.2305,0.6475,0.1228,0.2471,0.1128,0.0161,0.4505,-0.6933,-1.125,-1.5273,-8.6305,1.4996,4.472,7.4811,1.1114,2.9128,-1.009,-1.5295,3.6329,-7.3406,-5.4027,-12.1911,-0.017,20.5311,-15.3113,12.5164,-6.2739,-3.9274,-0.4082,-1.2528,-2.3184,-5.6967,-15.1091,-3.7923,9.9514,2.4325,-0.8036,-9.5543,-1.0,-1.0,-1.0,-1.0,-1.0,-1.0,-1.0,-1.0,-1.0,-1.0,-1.0,-1.0,-1.0,-1.0,-1.0,-1.0,-1.0,-1.0,-1.0,-1.0,-1.0,-1.0,-1.0,-1.0,-1.0,-1.0,-1.0,-1.0,-1.0,-1.0,-1.0,-1.0,-1.0,-1.0,-1.0,-1.0,-1.0,-1.0,-1.0,-1.0,-1.0,-1.0,-1.0,-1.0,-1.0,-1.0,-1.0,-1.0,-1.0,-1.0,-1.0,-1.0,-1.0,-1.0,-1.0,-1.0,-1.0,-1.0,-1.0,-1.0,-1.0,-1.0,-1.0,3.5118969014751498,6.798272153100405,2.139771924057479
172,0.344,0.8133263885049324,1.09468921959842,1.1725648728768587,3.5118969014751498,6.798272153100405,-1.2152480759425215,0.05367774381488562,0.2612,0.0409,0.754,0.9261,-0.0853,-0.3674,-0.0115,0.2512,-1.3431,2.3805,1.6464,-0.61,0.1031,0.1134,0.4474,-0.1335,1.1578,-0.8699,0.2775,-0.832,0.3982,0.7757,1.0007,0.8549,0.3922,0.1053,-0.2061,-1.1683,-1.0697,0.2232,0.6671,0.127,0.245,0.0935,0.018,0.4413,-0.691,-1.1294,-1.5035,-8.597,1.625,4.4453,7.1849,1.2133,2.7259,-1.0594,-1.9368,3.3877,-7.7348,-5.2658,-12.8507,-0.0676,20.6304,-15.7653,12.3241,-6.9189,-4.1004,-0.7801,-1.5326,-2.3494,-5.6674,-15.0873,-3.6404,9.8202,2.0856,-1.0259,-9.6872,-1.0,-1.0,-1.0,-1.0,-1.0,-1.0,-1.0,-1.0,-1.0,-1.0,-1.0,-1.0,-1.0,-1.0,-1.0,-1.0,-1.0,-1.0,-1.0,-1.0,-1.0,-1.0,-1.0,-1.0,-1.0,-1.0,-1.0,-1.0,-1.0,-1.0,-1.0,-1.0,-1.0,-1.0,-1.0,-1.0,-1.0,-1.0,-1.0,-1.0,-1.0,-1.0,-1.0,-1.0,-1.0,-1.0,-1.0,-1.0,-1.0,-1.0,-1.0,-1.0,-1.0,-1.0,-1.0,-1.0,-1.0,-1.0,-1.0,-1.0,-1.0,-1.0,-1.0,3.5118969014751498,6.798272153100405,2.139771924057479
173,0.346,0.8203501823078827,1.108285763904621,1.1701147567249737,3.5118969014751498,6.798272153100405,-1.2348680759425212,0.05367774381488562,0.2613,0.0418,0.7526,0.9254,-0.0833,-0.3693,-0.0194,0.2545,-1.3346,2.3937,1.6492,-0.6051,0.1012,0.1094,0.4515,-0.1503,1.1515,-0.8896,0.2774,-0.7916,0.3661,0.7996,0.9869,0.8464,0.3899,0.102,-0.2104,-1.1792,-1.0997,0.2159,0.6862,0.1303,0.2426,0.0749,0.0111,0.4434,-0.6846,-1.0817,-1.3651,-8.2143,1.6574,4.2538,6.5764,1.4039,2.4228,-0.9803,-2.0022,2.061,-8.4009,-3.1541,-9.8693,-0.0793,20.2235,-16.094,11.9861,-6.8988,-4.2887,-1.1446,-1.6328,-2.1516,-5.4597,-15.0159,-3.6296,9.5366,1.6679,-1.197,-9.2715,-1.0,-1.0,-1.0,-1.0,-1.0,-1.0,-1.0,-1.0,-1.0,-1.0,-1.0,-1.0,-1.0,-1.0,-1.0,-1.0,-1.0,-1.0,-1.0,-1.0,-1.0,-1.0,-1.0,-1.0,-1.0,-1.0,-1.0,-1.0,-1.0,-1.0,-1.0,-1.0,-1.0,-1.0,-1.0,-1.0,-1.0,-1.0,-1.0,-1.0,-1.0,-1.0,-1.0,-1.0,-1.0,-1.0,-1.0,-1.0,-1.0,-1.0,-1.0,-1.0,-1.0,-1.0,-1.0,-1.0,-1.0,-1.0,-1.0,-1.0,-1.0,-1.0,-1.0,3.5118969014751498,6.798272153100405,2.139771924057479
174,0.348,0.8273739761108332,1.1218823082108218,1.1676254005730886,3.5118969014751498,6.798272153100405,-1.2544880759425214,0.05367774381488562,0.2613,0.0427,0.7512,0.9246,-0.0814,-0.3711,-0.0269,0.2579,-1.3264,2.4055,1.6524,-0.6008,0.0994,0.1055,0.4531,-0.1677,1.1488,-0.9042,0.2767,-0.7521,0.3332,0.8229,0.9731,0.8374,0.3869,0.0986,-0.2143,-1.1896,-1.1296,0.2087,0.7046,0.1328,0.2399,0.0573,0.0062,0.4479,-0.67,-1.0452,-1.2401,-7.7576,1.6631,4.1115,5.8939,1.6173,2.163,-0.9104,-1.9299,0.8252,-8.6826,-1.3325,-7.2616,-0.3539,19.7397,-16.4133,11.6253,-6.8894,-4.4819,-1.5021,-1.7431,-1.972,-5.2096,-14.95,-3.6279,9.2277,1.2703,-1.3616,-8.802,-1.0,-1.0,-1.0,-1.0,-1.0,-1.0,-1.0,-1.0,-1.0,-1.0,-1.0,-1.0,-1.0,-1.0,-1.0,-1.0,-1.0,-1.0,-1.0,-1.0,-1.0,-1.0,-1.0,-1.0,-1.0,-1.0,-1.0,-1.0,-1.0,-1.0,-1.0,-1.0,-1.0,-1.0,-1.0,-1.0,-1.0,-1.0,-1.0,-1.0,-1.0,-1.0,-1.0,-1.0,-1.0,-1.0,-1.0,-1.0,-1.0,-1.0,-1.0,-1.0,-1.0,-1.0,-1.0,-1.0,-1.0,-1.0,-1.0,-1.0,-1.0,-1.0,-1.0,3.5118969014751498,6.798272153100405,2.139771924057479
175,0.35,0.8343977699137834,1.1354788525170225,1.1650968044212036,3.5118969014751498,6.798272153100405,-1.2741080759425216,0.05367774381488562,0.2613,0.0436,0.7499,0.9239,-0.0796,-0.3727,-0.034,0.2613,-1.3184,2.416,1.6559,-0.597,0.0977,0.1014,0.4528,-0.1859,1.1487,-0.9132,0.276,-0.7134,0.2998,0.8455,0.9594,0.828,0.3832,0.0949,-0.2179,-1.1995,-1.1594,0.2014,0.7224,0.1346,0.2369,0.0406,0.004,0.4469,-0.6551,-1.0318,-1.1156,-7.3849,1.7097,3.9729,5.2541,1.7773,1.9281,-0.8381,-2.08,-0.1456,-9.1132,-0.0823,-4.5142,-0.3127,19.3413,-16.7086,11.277,-6.8884,-4.6884,-1.8528,-1.8509,-1.8036,-4.9189,-14.8978,-3.6212,8.9033,0.9078,-1.5155,-8.3356,-1.0,-1.0,-1.0,-1.0,-1.0,-1.0,-1.0,-1.0,-1.0,-1.0,-1.0,-1.0,-1.0,-1.0,-1.0,-1.0,-1.0,-1.0,-1.0,-1.0,-1.0,-1.0,-1.0,-1.0,-1.0,-1.0,-1.0,-1.0,-1.0,-1.0,-1.0,-1.0,-1.0,-1.0,-1.0,-1.0,-1.0,-1.0,-1.0,-1.0,-1.0,-1.0,-1.0,-1.0,-1.0,-1.0,-1.0,-1.0,-1.0,-1.0,-1.0,-1.0,-1.0,-1.0,-1.0,-1.0,-1.0,-1.0,-1.0,-1.0,-1.0,-1.0,-1.0,3.5118969014751498,6.798272153100405,2.139771924057479
176,0.352,0.8414215637167337,1.1490753968232232,1.1625289682693185,3.5118969014751498,6.798272153100405,-1.2937280759425214,0.05367774381488562,0.2613,0.0445,0.7487,0.9232,-0.078,-0.3741,-0.0409,0.2649,-1.3108,2.4254,1.6596,-0.5936,0.0962,0.097,0.4508,-0.2049,1.1505,-0.9172,0.2755,-0.6754,0.2658,0.8673,0.9456,0.8182,0.3788,0.0909,-0.2212,-1.2086,-1.1891,0.1942,0.7396,0.1358,0.2336,0.0248,0.0035,0.4442,-0.6372,-1.032,-1.0001,-7.0975,1.7991,3.7893,4.7007,1.8291,1.6786,-0.7526,-2.2161,-1.0202,-9.506,0.9278,-2.0017,-0.2813,19.0349,-16.9954,10.9298,-6.8989,-4.9031,-2.1967,-1.9516,-1.6405,-4.5912,-14.8639,-3.5945,8.5639,0.5821,-1.6562,-7.9127,-1.0,-1.0,-1.0,-1.0,-1.0,-1.0,-1.0,-1.0,-1.0,-1.0,-1.0,-1.0,-1.0,-1.0,-1.0,-1.0,-1.0,-1.0,-1.0,-1.0,-1.0,-1.0,-1.0,-1.0,-1.0,-1.0,-1.0,-1.0,-1.0,-1.0,-1.0,-1.0,-1.0,-1.0,-1.0,-1.0,-1.0,-1.0,-1.0,-1.0,-1.0,-1.0,-1.0,-1.0,-1.0,-1.0,-1.0,-1.0,-1.0,-1.0,-1.0,-1.0,-1.0,-1.0,-1.0,-1.0,-1.0,-1.0,-1.0,-1.0,-1.0,-1.0,-1.0,3.5118969014751498,6.798272153100405,2.139771924057479
177,0.354,0.8484453575196838,1.162671941129424,1.1599218921174335,3.5118969014751498,6.798272153100405,-1.3133480759425211,0.05367774381488562,0.2613,0.0454,0.7474,0.9225,-0.0764,-0.3754,-0.0475,0.2687,-1.3037,2.4338,1.6632,-0.5908,0.0949,0.0923,0.4472,-0.2246,1.154,-0.9166,0.275,-0.6377,0.2313,0.8885,0.9317,0.808,0.3737,0.0869,-0.2242,-1.2171,-1.2188,0.1871,0.756,0.1364,0.23,0.0098,0.0047,0.4397,-0.6166,-1.0441,-0.8933,-6.885,1.9273,3.5646,4.2224,1.7835,1.4101,-0.6547,-2.3292,-1.806,-9.8615,1.7255,0.3044,-0.2574,18.8063,-17.2654,10.5859,-6.9327,-5.1247,-2.534,-2.0454,-1.4821,-4.218,-14.8456,-3.5491,8.2083,0.2883,-1.7824,-7.528,-1.0,-1.0,-1.0,-1.0,-1.0,-1.0,-1.0,-1.0,-1.0,-1.0,-1.0,-1.0,-1.0,-1.0,-1.0,-1.0,-1.0,-1.0,-1.0,-1.0,-1.0,-1.0,-1.0,-1.0,-1.0,-1.0,-1.0,-1.0,-1.0,-1.0,-1.0,-1.0,-1.0,-1.0,-1.0,-1.0,-1.0,-1.0,-1.0,-1.0,-1.0,-1.0,-1.0,-1.0,-1.0,-1.0,-1.0,-1.0,-1.0,-1.0,-1.0,-1.0,-1.0,-1.0,-1.0,-1.0,-1.0,-1.0,-1.0,-1.0,-1.0,-1.0,-1.0,3.5118969014751498,6.798272153100405,2.139771924057479
178,0.356,0.855469151322634,1.1762684854356247,1.1572755759655486,3.5118969014751498,6.798272153100405,-1.3329680759425209,0.05367774381488562,0.2613,0.0463,0.7462,0.9218,-0.0749,-0.3766,-0.0541,0.2729,-1.2971,2.4415,1.6664,-0.5885,0.0938,0.0875,0.4422,-0.245,1.1586,-0.9117,0.2745,-0.6005,0.1963,0.909,0.9176,0.7973,0.368,0.0826,-0.2268,-1.2247,-1.2485,0.1802,0.7717,0.1364,0.2262,-0.0046,0.0074,0.4336,-0.5936,-1.0661,-0.7946,-6.7365,2.0849,3.2981,3.8052,1.6202,1.1436,-0.55,-2.4155,-2.5107,-10.1818,2.3362,2.4267,-0.2392,18.6443,-17.5039,10.2565,-7.0718,-5.3513,-2.8651,-2.1328,-1.3274,-3.7882,-14.8435,-3.4867,7.8351,0.022,-1.8965,-7.177,-1.0,-1.0,-1.0,-1.0,-1.0,-1.0,-1.0,-1.0,-1.0,-1.0,-1.0,-1.0,-1.0,-1.0,-1.0,-1.0,-1.0,-1.0,-1.0,-1.0,-1.0,-1.0,-1.0,-1.0,-1.0,-1.0,-1.0,-1.0,-1.0,-1.0,-1.0,-1.0,-1.0,-1.0,-1.0,-1.0,-1.0,-1.0,-1.0,-1.0,-1.0,-1.0,-1.0,-1.0,-1.0,-1.0,-1.0,-1.0,-1.0,-1.0,-1.0,-1.0,-1.0,-1.0,-1.0,-1.0,-1.0,-1.0,-1.0,-1.0,-1.0,-1.0,-1.0,3.5118969014751498,6.798272153100405,2.139771924057479
179,0.358,0.8624929451255845,1.1898650297418254,1.1545900198136634,3.5118969014751498,6.798272153100405,-1.352588075942521,0.05367774381488562,0.2613,0.0471,0.7451,0.921,-0.0734,-0.3777,-0.0605,0.2775,-1.2915,2.4479,1.668,-0.5857,0.0928,0.0819,0.4358,-0.2665,1.1643,-0.9031,0.274,-0.5638,0.1612,0.9288,0.9031,0.7862,0.3616,0.0783,-0.229,-1.2315,-1.278,0.1735,0.7865,0.1359,0.2222,-0.018,0.0124,0.4324,-0.5677,-1.0549,-0.697,-6.5651,2.2819,2.8192,3.2341,0.8158,1.4152,-0.5085,-2.767,-3.1994,-10.767,2.8317,4.3341,-0.2268,18.3444,-17.5549,9.8995,-7.2192,-5.5507,-3.19,-2.1666,-1.0983,-3.415,-14.7582,-3.3215,7.4139,-0.2618,-1.9849,-6.719,-1.0,-1.0,-1.0,-1.0,-1.0,-1.0,-1.0,-1.0,-1.0,-1.0,-1.0,-1.0,-1.0,-1.0,-1.0,-1.0,-1.0,-1.0,-1.0,-1.0,-1.0,-1.0,-1.0,-1.0,-1.0,-1.0,-1.0,-1.0,-1.0,-1.0,-1.0,-1.0,-1.0,-1.0,-1.0,-1.0,-1.0,-1.0,-1.0,-1.0,-1.0,-1.0,-1.0,-1.0,-1.0,-1.0,-1.0,-1.0,-1.0,-1.0,-1.0,-1.0,-1.0,-1.0,-1.0,-1.0,-1.0,-1.0,-1.0,-1.0,-1.0,-1.0,-1.0,3.5118969014751498,6.798272153100405,2.139771924057479
180,0.36,0.8695167389285348,1.2034615740480261,1.1518652236617783,3.5118969014751498,6.798272153100405,-1.3722080759425208,0.05367774381488562,0.2614,0.048,0.744,0.9203,-0.072,-0.3786,-0.0668,0.2825,-1.2868,2.4533,1.6678,-0.5824,0.0918,0.0758,0.4281,-0.2891,1.1706,-0.8908,0.2736,-0.5276,0.1261,0.9479,0.8884,0.7747,0.3546,0.0739,-0.2308,-1.2376,-1.3074,0.1672,0.8005,0.1349,0.2181,-0.0306,0.0196,0.4298,-0.54,-1.0483,-0.609,-6.4275,2.4894,2.3429,2.6905,-0.1118,1.6202,-0.4693,-3.0823,-3.8086,-11.3011,3.1594,6.1304,-0.2167,18.0655,-17.5488,9.5606,-7.3665,-5.75,-3.5086,-2.1989,-0.878,-3.0347,-14.6608,-3.1467,6.991,-0.5207,-2.0611,-6.2626,-1.0,-1.0,-1.0,-1.0,-1.0,-1.0,-1.0,-1.0,-1.0,-1.0,-1.0,-1.0,-1.0,-1.0,-1.0,-1.0,-1.0,-1.0,-1.0,-1.0,-1.0,-1.0,-1.0,-1.0,-1.0,-1.0,-1.0,-1.0,-1.0,-1.0,-1.0,-1.0,-1.0,-1.0,-1.0,-1.0,-1.0,-1.0,-1.0,-1.0,-1.0,-1.0,-1.0,-1.0,-1.0,-1.0,-1.0,-1.0,-1.0,-1.0,-1.0,-1.0,-1.0,-1.0,-1.0,-1.0,-1.0,-1.0,-1.0,-1.0,-1.0,-1.0,-1.0,3.5118969014751498,6.798272153100405,2.139771924057479
181,0.362,0.876540532731485,1.2170581183542273,1.1491011875098933,3.5118969014751498,6.798272153100405,-1.391828075942521,0.05367774381488562,0.2614,0.0488,0.743,0.9196,-0.0706,-0.3795,-0.0729,0.2878,-1.2831,2.4576,1.6656,-0.5788,0.091,0.0694,0.4192,-0.3123,1.1778,-0.8756,0.2727,-0.4922,0.0912,0.9664,0.8734,0.7628,0.3469,0.0694,-0.2321,-1.2429,-1.3364,0.1613,0.8136,0.1334,0.2139,-0.0422,0.0265,0.4279,-0.5103,-1.0418,-0.5267,-6.2523,2.6539,1.859,2.1542,-1.1094,1.7994,-0.4324,-3.1969,-4.4716,-11.6026,3.5776,7.5896,-0.4312,17.7165,-17.4573,9.2403,-7.5159,-5.9441,-3.8208,-2.2269,-0.6592,-2.653,-14.5283,-2.9606,6.5645,-0.748,-2.1154,-5.8238,-1.0,-1.0,-1.0,-1.0,-1.0,-1.0,-1.0,-1.0,-1.0,-1.0,-1.0,-1.0,-1.0,-1.0,-1.0,-1.0,-1.0,-1.0,-1.0,-1.0,-1.0,-1.0,-1.0,-1.0,-1.0,-1.0,-1.0,-1.0,-1.0,-1.0,-1.0,-1.0,-1.0,-1.0,-1.0,-1.0,-1.0,-1.0,-1.0,-1.0,-1.0,-1.0,-1.0,-1.0,-1.0,-1.0,-1.0,-1.0,-1.0,-1.0,-1.0,-1.0,-1.0,-1.0,-1.0,-1.0,-1.0,-1.0,-1.0,-1.0,-1.0,-1.0,-1.0,3.5118969014751498,6.798272153100405,2.139771924057479
182,0.364,0.8835643265344353,1.230654662660428,1.1462979113580083,3.5118969014751498,6.798272153100405,-1.4114480759425212,0.05367774381488562,0.2615,0.0497,0.742,0.9189,-0.0693,-0.3802,-0.0788,0.2933,-1.2803,2.4609,1.6613,-0.5748,0.0902,0.0628,0.4091,-0.336,1.1855,-0.858,0.2715,-0.4576,0.0567,0.9844,0.858,0.7505,0.3387,0.0649,-0.233,-1.2474,-1.3651,0.1558,0.8259,0.1315,0.2096,-0.053,0.0311,0.4213,-0.4853,-1.046,-0.4302,-6.0613,2.776,1.3658,1.6257,-2.1318,1.9934,-0.3979,-3.3078,-5.0727,-11.827,3.8817,8.8222,-0.5998,17.2945,-17.2352,8.9779,-7.6584,-6.1354,-4.1269,-2.2475,-0.4357,-2.2683,-14.3387,-2.764,6.1364,-0.9365,-2.1474,-5.4162,-1.0,-1.0,-1.0,-1.0,-1.0,-1.0,-1.0,-1.0,-1.0,-1.0,-1.0,-1.0,-1.0,-1.0,-1.0,-1.0,-1.0,-1.0,-1.0,-1.0,-1.0,-1.0,-1.0,-1.0,-1.0,-1.0,-1.0,-1.0,-1.0,-1.0,-1.0,-1.0,-1.0,-1.0,-1.0,-1.0,-1.0,-1.0,-1.0,-1.0,-1.0,-1.0,-1.0,-1.0,-1.0,-1.0,-1.0,-1.0,-1.0,-1.0,-1.0,-1.0,-1.0,-1.0,-1.0,-1.0,-1.0,-1.0,-1.0,-1.0,-1.0,-1.0,-1.0,3.5118969014751498,6.798272153100405,2.139771924057479
183,0.366,0.8905881203373855,1.2442512069666287,1.1434553952061233,3.5118969014751498,6.798272153100405,-1.431068075942521,0.05367774381488562,0.2616,0.0505,0.7411,0.9182,-0.0681,-0.3808,-0.0846,0.299,-1.2786,2.4631,1.655,-0.5704,0.0894,0.056,0.3978,-0.3599,1.1937,-0.8383,0.2701,-0.424,0.0229,1.0019,0.8425,0.7378,0.3298,0.0604,-0.2334,-1.2511,-1.3933,0.1507,0.8373,0.1293,0.2053,-0.0631,0.0331,0.4101,-0.4644,-1.0633,-0.3223,-5.8475,2.8537,0.8678,1.0995,-3.1756,2.2012,-0.3659,-3.4036,-5.6083,-11.9527,4.0819,9.8389,-0.728,16.7967,-16.8903,8.7753,-7.7877,-6.3282,-4.4267,-2.2618,-0.2083,-1.8724,-14.0935,-2.5623,5.7101,-1.0916,-2.1604,-5.0357,-1.0,-1.0,-1.0,-1.0,-1.0,-1.0,-1.0,-1.0,-1.0,-1.0,-1.0,-1.0,-1.0,-1.0,-1.0,-1.0,-1.0,-1.0,-1.0,-1.0,-1.0,-1.0,-1.0,-1.0,-1.0,-1.0,-1.0,-1.0,-1.0,-1.0,-1.0,-1.0,-1.0,-1.0,-1.0,-1.0,-1.0,-1.0,-1.0,-1.0,-1.0,-1.0,-1.0,-1.0,-1.0,-1.0,-1.0,-1.0,-1.0,-1.0,-1.0,-1.0,-1.0,-1.0,-1.0,-1.0,-1.0,-1.0,-1.0,-1.0,-1.0,-1.0,-1.0,3.5118969014751498,6.798272153100405,2.139771924057479
184,0.368,0.897611914140336,1.2578477512728294,1.1405736390542383,3.5118969014751498,6.798272153100405,-1.4506880759425211,0.05367774381488562,0.2616,0.0513,0.7402,0.9176,-0.067,-0.3813,-0.09,0.3047,-1.2779,2.4641,1.6465,-0.5656,0.0888,0.049,0.3859,-0.3833,1.2032,-0.8229,0.2681,-0.3917,-0.01,1.0191,0.8267,0.7248,0.3205,0.0558,-0.2333,-1.254,-1.4208,0.1459,0.8479,0.1269,0.201,-0.0725,0.0307,0.3988,-0.4306,-1.1037,-0.2357,-5.5216,2.8492,0.3731,0.5331,-4.2672,2.4206,-0.3367,-3.457,-5.9873,-11.707,4.7384,7.7165,-0.9917,16.1448,-16.4456,8.5862,-7.8985,-6.5259,-4.6827,-2.271,0.0223,-1.4173,-13.78,-2.3558,5.3048,-1.2179,-2.1556,-4.6787,-1.0,-1.0,-1.0,-1.0,-1.0,-1.0,-1.0,-1.0,-1.0,-1.0,-1.0,-1.0,-1.0,-1.0,-1.0,-1.0,-1.0,-1.0,-1.0,-1.0,-1.0,-1.0,-1.0,-1.0,-1.0,-1.0,-1.0,-1.0,-1.0,-1.0,-1.0,-1.0,-1.0,-1.0,-1.0,-1.0,-1.0,-1.0,-1.0,-1.0,-1.0,-1.0,-1.0,-1.0,-1.0,-1.0,-1.0,-1.0,-1.0,-1.0,-1.0,-1.0,-1.0,-1.0,-1.0,-1.0,-1.0,-1.0,-1.0,-1.0,-1.0,-1.0,-1.0,3.5118969014751498,6.798272153100405,2.139771924057479
185,0.37,0.9046357079432863,1.2714442955790302,1.1376526429023532,3.5118969014751498,6.798272153100405,-1.4703080759425209,0.05367774381488562,0.2617,0.0521,0.7394,0.917,-0.0661,-0.3817,-0.0953,0.3108,-1.2772,2.4646,1.6384,-0.5641,0.0885,0.042,0.3737,-0.4062,1.2122,-0.8066,0.2665,-0.3608,-0.0417,1.0361,0.8106,0.7113,0.3107,0.0513,-0.2328,-1.2559,-1.4476,0.1416,0.8577,0.1242,0.1967,-0.0811,0.0407,0.376,-0.4019,-1.1861,-0.171,-5.2435,3.0167,0.3415,0.2477,-4.0083,0.7527,-0.1306,-3.515,-6.0992,-11.4629,4.5129,8.1269,-0.8179,15.4827,-15.8757,8.4866,-8.0087,-6.7435,-4.8708,-2.2819,0.2732,-0.94,-13.3824,-2.1712,4.9244,-1.3442,-2.1462,-4.302,-1.0,-1.0,-1.0,-1.0,-1.0,-1.0,-1.0,-1.0,-1.0,-1.0,-1.0,-1.0,-1.0,-1.0,-1.0,-1.0,-1.0,-1.0,-1.0,-1.0,-1.0,-1.0,-1.0,-1.0,-1.0,-1.0,-1.0,-1.0,-1.0,-1.0,-1.0,-1.0,-1.0,-1.0,-1.0,-1.0,-1.0,-1.0,-1.0,-1.0,-1.0,-1.0,-1.0,-1.0,-1.0,-1.0,-1.0,-1.0,-1.0,-1.0,-1.0,-1.0,-1.0,-1.0,-1.0,-1.0,-1.0,-1.0,-1.0,-1.0,-1.0,-1.0,-1.0,3.5118969014751498,6.798272153100405,2.139771924057479
186,0.372,0.9116595017462366,1.2850408398852313,1.1346924067504682,3.5118969014751498,6.798272153100405,-1.489928075942521,0.05367774381488562,0.2618,0.0528,0.7387,0.9164,-0.0654,-0.382,-0.1003,0.3171,-1.2766,2.4646,1.6308,-0.5657,0.0886,0.0349,0.3612,-0.4287,1.2208,-0.7898,0.2651,-0.3311,-0.0722,1.0529,0.7945,0.6974,0.3007,0.0467,-0.2317,-1.2567,-1.4736,0.1377,0.8668,0.1213,0.1924,-0.089,0.0485,0.3535,-0.3746,-1.2663,-0.105,-4.9811,3.1824,0.2839,-0.031,-3.8139,-0.7792,0.0494,-3.5672,-6.2215,-11.2232,4.2965,8.4197,-0.6799,14.8249,-15.2561,8.4172,-8.0889,-6.97,-5.0139,-2.2892,0.5229,-0.4424,-12.9758,-1.9763,4.5511,-1.4539,-2.1222,-3.9433,-1.0,-1.0,-1.0,-1.0,-1.0,-1.0,-1.0,-1.0,-1.0,-1.0,-1.0,-1.0,-1.0,-1.0,-1.0,-1.0,-1.0,-1.0,-1.0,-1.0,-1.0,-1.0,-1.0,-1.0,-1.0,-1.0,-1.0,-1.0,-1.0,-1.0,-1.0,-1.0,-1.0,-1.0,-1.0,-1.0,-1.0,-1.0,-1.0,-1.0,-1.0,-1.0,-1.0,-1.0,-1.0,-1.0,-1.0,-1.0,-1.0,-1.0,-1.0,-1.0,-1.0,-1.0,-1.0,-1.0,-1.0,-1.0,-1.0,-1.0,-1.0,-1.0,-1.0,3.5118969014751498,6.798272153100405,2.139771924057479
187,0.374,0.9186832955491868,1.298637384191432,1.1316929305985832,3.5118969014751498,6.798272153100405,-1.5095480759425213,0.05367774381488562,0.2619,0.0534,0.738,0.9158,-0.0648,-0.3822,-0.1052,0.3238,-1.2762,2.4639,1.6234,-0.5699,0.089,0.0276,0.3486,-0.4506,1.2289,-0.7724,0.264,-0.3028,-0.1014,1.0696,0.7782,0.683,0.2905,0.0421,-0.2302,-1.2566,-1.4987,0.1341,0.8752,0.1182,0.1883,-0.0962,0.0553,0.3315,-0.346,-1.3442,-0.0452,-4.7072,3.3146,0.1872,-0.3209,-3.726,-2.1393,0.189,-3.6352,-6.3101,-10.9698,4.0345,8.6809,-0.5565,14.1462,-14.5882,8.3781,-8.144,-7.1982,-5.1154,-2.2915,0.758,0.077,-12.5576,-1.7736,4.1877,-1.5409,-2.0889,-3.6068,-1.0,-1.0,-1.0,-1.0,-1.0,-1.0,-1.0,-1.0,-1.0,-1.0,-1.0,-1.0,-1.0,-1.0,-1.0,-1.0,-1.0,-1.0,-1.0,-1.0,-1.0,-1.0,-1.0,-1.0,-1.0,-1.0,-1.0,-1.0,-1.0,-1.0,-1.0,-1.0,-1.0,-1.0,-1.0,-1.0,-1.0,-1.0,-1.0,-1.0,-1.0,-1.0,-1.0,-1.0,-1.0,-1.0,-1.0,-1.0,-1.0,-1.0,-1.0,-1.0,-1.0,-1.0,-1.0,-1.0,-1.0,-1.0,-1.0,-1.0,-1.0,-1.0,-1.0,3.5118969014751498,6.798272153100405,2.139771924057479
188,0.376,0.9257070893521371,1.3122339284976328,1.1286542144466982,3.5118969014751498,6.798272153100405,-1.529168075942521,0.05367774381488562,0.262,0.054,0.7374,0.9152,-0.0645,-0.3824,-0.1097,0.3306,-1.276,2.4625,1.6164,-0.5761,0.0891,0.0201,0.336,-0.4719,1.2362,-0.7544,0.2631,-0.276,-0.1292,1.0864,0.7618,0.6681,0.2801,0.0375,-0.2283,-1.2553,-1.5229,0.131,0.8829,0.115,0.1842,-0.1028,0.0605,0.3084,-0.3131,-1.4298,0.0008,-4.3832,3.4394,0.1244,-0.7025,-3.4557,-3.0702,0.0725,-3.7465,-6.3215,-10.6602,3.6766,8.9867,-0.4504,13.4074,-13.8761,8.3761,-8.175,-7.4256,-5.1766,-2.2876,0.9671,0.6342,-12.1169,-1.5663,3.8464,-1.6,-2.046,-3.2958,-1.0,-1.0,-1.0,-1.0,-1.0,-1.0,-1.0,-1.0,-1.0,-1.0,-1.0,-1.0,-1.0,-1.0,-1.0,-1.0,-1.0,-1.0,-1.0,-1.0,-1.0,-1.0,-1.0,-1.0,-1.0,-1.0,-1.0,-1.0,-1.0,-1.0,-1.0,-1.0,-1.0,-1.0,-1.0,-1.0,-1.0,-1.0,-1.0,-1.0,-1.0,-1.0,-1.0,-1.0,-1.0,-1.0,-1.0,-1.0,-1.0,-1.0,-1.0,-1.0,-1.0,-1.0,-1.0,-1.0,-1.0,-1.0,-1.0,-1.0,-1.0,-1.0,-1.0,3.5118969014751498,6.798272153100405,2.139771924057479
189,0.378,0.9327308831550876,1.3258304728038335,1.125576258294813,3.5118969014751498,6.798272153100405,-1.5487880759425212,0.05367774381488562,0.2621,0.0546,0.7368,0.9147,-0.0642,-0.3824,-0.114,0.3372,-1.2754,2.4606,1.6111,-0.5816,0.0879,0.0124,0.3233,-0.4927,1.2428,-0.7357,0.2624,-0.2507,-0.1553,1.1031,0.7455,0.6528,0.2697,0.033,-0.226,-1.253,-1.5463,0.1282,0.8899,0.1117,0.1802,-0.1088,0.0555,0.2947,-0.2761,-1.4625,0.0853,-4.0549,3.2787,0.3002,-0.9403,-2.6546,-2.7669,-0.5916,-3.8559,-6.351,-10.3887,3.2742,9.3897,-0.3594,12.6586,-13.08,8.3686,-8.1709,-7.6335,-5.2036,-2.2776,1.1542,1.1791,-11.7172,-1.3618,3.479,-1.6356,-1.9974,-3.0068,-1.0,-1.0,-1.0,-1.0,-1.0,-1.0,-1.0,-1.0,-1.0,-1.0,-1.0,-1.0,-1.0,-1.0,-1.0,-1.0,-1.0,-1.0,-1.0,-1.0,-1.0,-1.0,-1.0,-1.0,-1.0,-1.0,-1.0,-1.0,-1.0,-1.0,-1.0,-1.0,-1.0,-1.0,-1.0,-1.0,-1.0,-1.0,-1.0,-1.0,-1.0,-1.0,-1.0,-1.0,-1.0,-1.0,-1.0,-1.0,-1.0,-1.0,-1.0,-1.0,-1.0,-1.0,-1.0,-1.0,-1.0,-1.0,-1.0,-1.0,-1.0,-1.0,-1.0,3.5118969014751498,6.798272153100405,2.139771924057479
190,0.38,0.9397546769580378,1.3394270171100346,1.122459062142928,3.5118969014751498,6.798272153100405,-1.568408075942521,0.05367774381488562,0.2622,0.0552,0.7364,0.9142,-0.0643,-0.3823,-0.1178,0.3433,-1.2746,2.4577,1.6065,-0.5832,0.087,0.0047,0.3107,-0.5121,1.2497,-0.722,0.2619,-0.2272,-0.1799,1.1198,0.7292,0.6372,0.2593,0.0285,-0.2233,-1.2494,-1.5689,0.1259,0.8962,0.1084,0.1763,-0.1143,0.0401,0.2865,-0.2239,-1.5098,0.1476,-3.561,3.0559,0.3702,-1.4492,-2.3233,-0.8175,-0.4712,-3.8258,-6.2749,-9.6805,3.4462,6.8118,-0.225,11.7519,-12.2692,8.3508,-8.1376,-7.8443,-5.2008,-2.2632,1.3221,1.8026,-11.2956,-1.1566,3.1641,-1.6506,-1.9405,-2.737,-1.0,-1.0,-1.0,-1.0,-1.0,-1.0,-1.0,-1.0,-1.0,-1.0,-1.0,-1.0,-1.0,-1.0,-1.0,-1.0,-1.0,-1.0,-1.0,-1.0,-1.0,-1.0,-1.0,-1.0,-1.0,-1.0,-1.0,-1.0,-1.0,-1.0,-1.0,-1.0,-1.0,-1.0,-1.0,-1.0,-1.0,-1.0,-1.0,-1.0,-1.0,-1.0,-1.0,-1.0,-1.0,-1.0,-1.0,-1.0,-1.0,-1.0,-1.0,-1.0,-1.0,-1.0,-1.0,-1.0,-1.0,-1.0,-1.0,-1.0,-1.0,-1.0,-1.0,3.5118969014751498,6.798272153100405,2.139771924057479
